id	logFC	AveExpr	t	P.Value	adj.P.Val	B
NR4A1	-4.97783396732829	12.5202929372079	-17.2353915779326	2.35953336722457e-11	1.95252803366391e-07	14.9815651494303
FOS	-6.02146665461117	11.499518856654	-17.1563793734295	2.52128092009439e-11	1.95252803366391e-07	14.9335673959884
RGS1	-4.95917212361624	6.00151032451168	-16.8011266367914	3.40874307553058e-11	1.95252803366391e-07	14.7135892484715
NR4A2	-4.76515391491468	8.63033144851737	-15.9246196054837	7.35793024856061e-11	3.16096683478164e-07	14.1402388405234
DUSP1	-3.43803449655451	12.2911088842903	-15.4971405802715	1.08580085621013e-10	3.73168038262298e-07	13.8438392175283
EGR1	-5.33192372208955	11.5927731280999	-14.3561901389875	3.22019608898384e-10	9.22264159884971e-07	12.9938761202492
ATF3	-4.41596808674316	9.85616219721779	-13.0095856524451	1.28549886402755e-09	3.15571606849278e-06	11.8678728733987
CYR61	-2.88516507983349	12.061514986265	-10.9609816996151	1.35644344840276e-08	2.91364052716912e-05	9.85200836423983
OSM	-2.79377770686247	4.94529444126823	-10.6401968042729	2.0247978442868e-08	3.85491340927979e-05	9.49831271717301
HEATR9	1.45850105705606	6.34059271322431	10.5593237207961	2.24331553147101e-08	3.85491340927979e-05	9.40736274489767
BTG2	-2.29305527316726	12.309062382221	-10.0742807880809	4.20239906104612e-08	6.56491140591059e-05	8.84633972603613
MIR27B	1.69908912995826	6.75253084570067	9.95729611583049	4.90612792510773e-08	6.85466619808474e-05	8.7069405841298
NUSAP1	-0.658779547925618	7.52926506414335	-9.86829831479803	5.52450461541332e-08	6.85466619808474e-05	8.59979923583534
JUN	-2.78305185298924	12.4487723148334	-9.8602201418892	5.58457441650293e-08	6.85466619808474e-05	8.59002715640083
FOSB	-6.75208752533036	8.90292301833125	-9.59344069849232	8.01186229116658e-08	9.17838944076044e-05	8.26284996001407
BEST1	1.1247130986126	7.98163464795133	9.52235923680613	8.83159986649197e-08	9.48513825661237e-05	8.17419821027009
RAB26	0.967502489791321	7.32061118580325	9.46547265148663	9.5513318807926e-08	9.65471100232588e-05	8.10279592026979
JUNB	-3.0115039491605	11.6929662629527	-9.34691761092707	1.1257840973899e-07	0.000107474855164156	7.95268043469712
RGS2	-1.59118830029552	8.69591924423412	-9.30492362858375	1.19371455947047e-07	0.000107962057841792	7.89907981484373
FLJ31356	-2.06456367870786	6.5646094453741	-9.09194808535107	1.61152077906718e-07	0.000138461865337452	7.62375343433587
SLC2A3	-2.94016710401291	10.2029149868023	-8.85903535544046	2.25050746696387e-07	0.000184155811010987	7.31587442483052
ZFP36	-2.95573804578145	12.3112920652567	-8.69479186694682	2.85873216626734e-07	0.000223292970659718	7.09442347756425
GDF15	-2.67705683704042	10.9110944480967	-8.48370341083552	3.90571045104268e-07	0.000279648868294656	6.80443340738954
DUSP2	-3.06996861323483	7.21354217663289	-8.39664227903187	4.44900795353955e-07	0.000305807010694494	6.68304331267957
GPR161	0.710494772258267	8.96964126258063	8.34610473985437	4.80040565126521e-07	0.000317269887351313	6.61209472666455
GPR179	1.50244533382957	6.36638734811872	8.30220038157168	5.1294157700829e-07	0.000326458817011499	6.55016841983031
NR4A3	-3.64349640056114	9.37835222085537	-8.16697555433234	6.30056191991522e-07	0.00038667448582794	6.35773164578252
REM2	0.861682906199674	6.23428343286608	8.05795839511959	7.44886742229903e-07	0.000432259149345338	6.20070202594953
TEX41	-0.925310180198312	8.09428089174076	-8.04952567557043	7.54642369667141e-07	0.000432259149345338	6.18848470726344
DIAPH2	-0.662045135541597	9.73937255600823	-7.90367778775795	9.46424587597277e-07	0.000524624519782955	5.97556252749017
RGS16	-1.89020324051013	8.81152037337989	-7.76390680006803	1.17875583248525e-06	0.000632991882044577	5.76862066242148
EVI2B	-0.853997847108643	7.97316964387626	-7.71662418675585	1.27033839051044e-06	0.000648856547109965	5.69796941872363
GDF11	0.730896170741946	9.39577389548763	7.69549695793893	1.31364950862216e-06	0.000648856547109965	5.66629440779956
HIST1H4D	0.981508871109082	9.72987042195767	7.66215943689006	1.38517622323189e-06	0.000648856547109965	5.61617963605634
CD55	-0.866459103390376	9.86312508204125	-7.65678021739963	1.39709568453612e-06	0.000648856547109965	5.60807797196187
CXCR4	-1.33034391269633	9.11100746194378	-7.5879624214428	1.55946038865309e-06	0.000705204403121438	5.50405452820303
GOLGA6L5P	-1.05269828394965	7.82173237370323	-7.54228103543118	1.67809497169017e-06	0.000723384273555333	5.43461674895944
MNDA	-1.12324935615517	6.86223280669533	-7.53534874540157	1.69691058721411e-06	0.000723384273555333	5.42405231403773
KIAA1107	-0.816925634568577	8.26579261452551	-7.49609294872454	1.80772169640583e-06	0.000739616419786614	5.36409394418819
CD69	-1.88852778119679	6.13273187479782	-7.45763525342592	1.92366846097509e-06	0.000750679653256736	5.30513225274335
IER2	-1.3260820809104	11.9853059683171	-7.37513918000986	2.19952518789153e-06	0.000792071914732554	5.17790835517979
ZFP36L1	-1.28817171761973	13.564410780988	-7.1721882816171	3.07018701148357e-06	0.00107669578786395	4.86057545021729
PTGES3	-0.612296546497678	11.9625701997273	-7.15294227977238	3.16973623244793e-06	0.00108937494836771	4.83016020518269
BRD7P3	-0.685076977599325	6.67512734509184	-7.13806622672303	3.24899850800833e-06	0.00109472137963951	4.80661258688828
ARRB1	0.58581500789969	11.4578086384071	7.11641476989568	3.36809455585428e-06	0.00110747521022286	4.7722801951244
CNNM1	1.43138422478803	7.10866776904261	7.08702829715682	3.53710698207778e-06	0.00110747521022286	4.7255689248213
ACTR6	-0.696419921358745	8.59664761495096	-7.07495662329675	3.60909053610803e-06	0.00110747521022286	4.70634246689014
TMOD4	1.14802150385182	6.38149871008769	7.00375194538462	4.06611965769197e-06	0.00120469310685825	4.59248541806234
MIR3189	-3.21258441336697	6.37800244924486	-6.92695178702244	4.62769219134686e-06	0.00132537104360174	4.46881727964014
TMED7	-0.851265918417747	9.53023282885787	-6.86223937348972	5.16386494071523e-06	0.00143122347002017	4.36391630637939
NANOS1	1.03956019890734	7.39952510113286	6.80460063578459	5.69624829972109e-06	0.00143441543624104	4.26994432613224
DGCR9	0.888447357917027	8.48154908831681	6.80182197482118	5.72332248673628e-06	0.00143441543624104	4.26540129575778
NECAB1	-0.797672058705476	7.59458479049229	-6.69089368865416	6.92200987678131e-06	0.00158597090296813	4.08307375138255
HIST1H1A	1.38920949852915	6.78816383407526	6.66533036852989	7.23381029111433e-06	0.00161436098756505	4.04079004951732
CLEC2B	-0.831414156890947	6.62185487690401	-6.63842574290554	7.57788440269393e-06	0.00165810717416006	3.99617988578873
PTGS2	-1.56044146414888	8.18995531013952	-6.60951028335087	7.96682272400656e-06	0.00169672310182761	3.94811228490656
GADD45B	-1.93912097797037	10.7104027391092	-6.59914673753573	8.11125507851166e-06	0.00169672310182761	3.93085335367865
MSMO1	-0.688813625706572	10.2603690870374	-6.59654068495694	8.14800357437623e-06	0.00169672310182761	3.92651078220751
TMEM216	0.639452714709924	8.45461629077814	6.58469538499766	8.31724376546149e-06	0.00169672310182761	3.90675940183311
ULK1	-0.669714672584732	12.0288402806585	-6.5594495121627	8.69032530874007e-06	0.00173644825703941	3.86459179274983
CSF3R	-0.959946699567841	7.9760753941364	-6.5365411103642	9.04401151351748e-06	0.00175086228087783	3.82624417068301
LOC101928143	1.03585508044236	6.96328822333429	6.53501321654406	9.0681298299655e-06	0.00175086228087783	3.82368369536119
RPARP-AS1	0.600726240077016	9.00719225817549	6.50458387249829	9.56273013927534e-06	0.0017563710558923	3.77261535665053
LOC101926962	-0.89109610360398	7.81060997806405	-6.45738899061137	1.03863514182925e-05	0.00185265486220449	3.69313055551614
FMN2	-0.876557406980197	9.25667257407741	-6.45737015283081	1.03866945741297e-05	0.00185265486220449	3.69309876141715
KMT5C	-0.593995018619813	9.14961095180954	-6.43749921136104	1.07553508341663e-05	0.00185265486220449	3.6595307786748
HNRNPA1	-0.709909530640907	8.60723575088826	-6.43612857959189	1.07812782949516e-05	0.00185265486220449	3.65721315103531
COX14	0.599621122832911	10.8559246673787	6.42076599250008	1.10763911259666e-05	0.00187423641698698	3.63121666681743
PPP1R3C	0.625598356402088	9.53121128033924	6.40303206449849	1.14275773825464e-05	0.00188818740136228	3.60116269709401
PRPH2	1.14772191660538	7.37000318210096	6.36821273027285	1.21513610941096e-05	0.00193341656519611	3.54201448970369
LRRC70	-0.619603334366919	6.38879894947975	-6.34167084730225	1.27351500499642e-05	0.00198946198598713	3.49680341941491
LOC644656	0.911164343086179	7.37440243236201	6.31398933562239	1.33752874581422e-05	0.00205253294345789	3.4495370289953
CYTIP	-0.973789290165053	7.95798236252935	-6.29687217946503	1.37878504293301e-05	0.00205253294345789	3.42025111631782
RASD1	-2.38056018114286	9.97218454730935	-6.25804742815529	1.47736091700712e-05	0.00206952084917594	3.35366068611509
CCL3	-3.39846819496825	5.41313998238016	-6.2565428160347	1.48132602681937e-05	0.00206952084917594	3.3510754445674
LOC400684	0.761679202207945	6.35105715084865	6.24784146742876	1.50447555133548e-05	0.00208050097336347	3.33611796181053
UQCC2	0.613119399402201	9.64059968378777	6.23643623131597	1.53539164137518e-05	0.00208270678735997	3.31649517262576
CXCR1	-1.31256350548848	5.00736395749256	-6.23040897331405	1.55199667592488e-05	0.00208355553742915	3.30611727921919
RAP1B	-0.615042782386601	10.4895398706576	-6.20529824197281	1.62321867730146e-05	0.0021292663931869	3.26282180617645
LOC101927472	-1.78440038319549	6.90130169947345	-6.18857375616277	1.67253944214074e-05	0.00216147418098298	3.2339328630398
GEM	-1.41661207291262	9.39975275508812	-6.18281975834093	1.68986732981081e-05	0.00216147418098298	3.22398396033932
FSD2	0.99308116940293	7.05246821855659	6.17756951385923	1.70584156000869e-05	0.00216147418098298	3.21490170712686
DEK	-0.677997629029356	10.0800645883234	-6.1772477332887	1.70682570677161e-05	0.00216147418098298	3.21434493247491
BTBD8	-0.708277637250135	6.94763948227017	-6.1757004844739	1.71156615071759e-05	0.00216147418098298	3.21166752054744
S100A8	-1.87946843384624	5.14422957330125	-6.16785323917967	1.73582074590114e-05	0.00216147418098298	3.19808281877646
MYO1H	1.0880771939474	6.55694764797607	6.11511387626888	1.90841188980382e-05	0.00230944717706964	3.10654267644092
DNAJB9	-0.620188500580557	10.8116597761563	-6.10187552888903	1.95448248455785e-05	0.0023157592960307	3.08349905167387
RPGR	-0.654202003753381	8.62829451505927	-6.08218155070066	2.02517552709843e-05	0.00232004108384397	3.04916958110911
NKPD1	1.16121409067693	6.13931330739749	6.06573619406143	2.08624780877214e-05	0.00235648866882066	3.02045834707932
CFAP100	0.711292283307174	7.28665084605746	6.05887286157442	2.11230058362985e-05	0.00235648866882066	3.0084639644728
NFKBID	-1.34666194226612	9.28298264623901	-6.02153342549769	2.26010111620018e-05	0.00239738133214716	2.94308593983736
ABCA5	-0.609426962268367	11.5068226368893	-6.0092978500173	2.31084471472877e-05	0.00241362749866975	2.92161721519954
MGC16275	0.629952053726845	6.75282234967813	6.0065761551542	2.32229266667803e-05	0.00241362749866975	2.91683865100089
PLCE1-AS1	-0.727218936735203	6.0340360246916	-5.96582532259122	2.50094240222687e-05	0.00255810679999205	2.84515917164069
MIR3619	0.676125727329901	7.23750968846338	5.95713110781287	2.54087639345208e-05	0.00256837764382826	2.82983433372184
CCDC153	0.643742952132234	6.7983269021246	5.94017716042269	2.62067006574549e-05	0.00257402025160475	2.79991821503548
EGR3	-3.31556371587148	7.01283595057106	-5.88473366585881	2.90032693084555e-05	0.00269401178268378	2.70178806906627
BOLA3-AS1	0.600632384983323	8.0888246030328	5.87145180093409	2.97182208373218e-05	0.00272699752403588	2.67821292828145
NT5C3A	-0.604008875917744	8.89071768317752	-5.86489962181742	3.0077650447376e-05	0.00272699752403588	2.66657332329783
IL18	-0.669580647401908	8.27657224487978	-5.8578531682087	3.04692460786132e-05	0.00272699752403588	2.65404861541193
HSPE1	-0.770171678112252	8.7043736127609	-5.81420158653189	3.30163037651976e-05	0.00285205718552832	2.57629770384919
SNORD97	-1.26423969421127	6.25060252012418	-5.7488041006707	3.72541866202021e-05	0.00310435621458098	2.4592924324676
RAC3	0.888572319084499	8.35849318181415	5.74451291187388	3.75513258677493e-05	0.00310435621458098	2.451593141184
MSANTD1	0.591596977837918	7.18392108700975	5.74415807363515	3.75760063217437e-05	0.00310435621458098	2.450956367526
CLEC1A	-0.999709035937967	6.91834333243944	-5.73809508362387	3.80003274382477e-05	0.0031243905583677	2.4400732306238
HPGD	-0.692171150964509	10.6577406316131	-5.71157315981523	3.99158511596824e-05	0.00325964386096772	2.39240352417504
HMGN5	-1.53032806979552	7.98244451860972	-5.6739921967296	4.28035527774364e-05	0.00343007738795322	2.32468285255175
GOLT1B	-0.672869015097548	8.43837129316521	-5.672519666356	4.29210253919684e-05	0.00343007738795322	2.32202522633982
NEAT1	-0.850620747188273	18.1709005382638	-5.66761022371561	4.33151066798097e-05	0.00343007738795322	2.31316240486428
GOLGA6L3	-1.04908055975534	6.16430724292401	-5.65836617153436	4.40673617657136e-05	0.00344206156628192	2.29646510517655
EPHB2	0.593501842549079	8.64715603814653	5.640986353246	4.55186480510316e-05	0.00347753757708413	2.26503925524897
MIR23B	1.42644217432924	5.99735388828352	5.6404529029153	4.5563970659611e-05	0.00347753757708413	2.26407399771426
HIST1H3A	1.11675384264034	7.79018841827689	5.64004044061077	4.55990460996177e-05	0.00347753757708413	2.26332763542736
KAZALD1	0.816287419686332	7.69410381866636	5.63816238629352	4.57591091019622e-05	0.00347753757708413	2.25992893553169
MIR133A1HG	-0.625000839608091	6.7110591613623	-5.6337146524715	4.61405125451107e-05	0.00347753757708413	2.25187789915198
TREM1	-2.57689178821395	5.06700823490857	-5.6177978400864	4.75326793027933e-05	0.00348050361640677	2.22304307911234
GPAT3	-0.947510889872182	13.1550335231536	-5.61028029024045	4.82052991564718e-05	0.00348050361640677	2.20941178339779
RSRC2	-0.615168630961486	10.6608879446724	-5.60400711267448	4.87741424606718e-05	0.0034922286001841	2.19803071462507
C11orf96	-1.63687417688913	10.2094598947797	-5.58868506783633	5.01930143356765e-05	0.00356411883613333	2.17020932781198
TMEM256	0.701303633886386	9.41351711119695	5.53932680837682	5.50622085196057e-05	0.00367168187145581	2.08036027987657
LINC00092	0.882385668337709	5.784299611714	5.52730934010504	5.63203169685444e-05	0.00370807788041175	2.05843247380518
LINC01473	-0.590584818676673	7.40461335266185	-5.51586032750295	5.75466671593406e-05	0.00377435850559584	2.03752309768645
PPP1R15A	-1.24033211423703	11.1482260195116	-5.48753596822425	6.07011043858279e-05	0.00389037585970174	1.98571560565335
LACC1	-0.594087082564292	8.32610280212309	-5.48447172466726	6.10529519524276e-05	0.00389037585970174	1.98010416983157
IRS2	-0.807665593132606	11.4152094438591	-5.48383163814416	6.11267156726879e-05	0.00389037585970174	1.97893183844966
LOC105375787	-0.885165930066591	6.10290987377454	-5.47525153884172	6.21244592057822e-05	0.0039392867416685	1.96321172556387
PKD1L3	0.805928777424477	6.84639549240286	5.46685388941862	6.31173467713029e-05	0.00395842513473748	1.94781601160626
CXCR2	-1.3302617398741	5.56736168799885	-5.4534297126681	6.47388508390718e-05	0.00399571786606511	1.92318472955622
MFSD2B	0.91158497841097	5.75866252838501	5.42468688668883	6.83575775561716e-05	0.00408776658326196	1.87036260427744
ECE2	0.725113788048089	7.20070089668963	5.40920444531969	7.03930895372333e-05	0.00411979704105858	1.84186277486004
EMX2	-0.602401072837976	11.2447533204694	-5.40851369712009	7.0485354403586e-05	0.00411979704105858	1.84059049280382
MAP6D1	0.67891154475447	6.74816396560656	5.39545481946437	7.22534386417107e-05	0.00416230758709691	1.81652522948181
PTGER3	-0.669633030621652	12.0124928272159	-5.36703122464502	7.62624837536785e-05	0.00426871179421242	1.76406525905613
LIN9	-0.604289077645751	6.77439424958963	-5.360050633389	7.72818702138102e-05	0.00429777235519131	1.75116479838235
ADAMTS4	-3.34278831947064	8.47874077978483	-5.34817035247453	7.90493386672847e-05	0.00438188334083426	1.72919436007705
TRIM46	-0.977433331086755	7.51181563850325	-5.34528009412776	7.94856296342022e-05	0.00439190051329302	1.72384647248889
CA8	-1.14040839792491	8.55699268350562	-5.31874393478139	8.36097890212539e-05	0.00453940445067532	1.6746938077364
ELOVL4	-0.803034606069454	6.71282088692108	-5.31320394927967	8.44984003274844e-05	0.00456610223656444	1.66442025423008
C9orf163	0.603897079388149	6.22518002165953	5.29650178207843	8.72370672721052e-05	0.00467220336266701	1.63342238093421
CIR1	-0.677842638158387	9.25178681396642	-5.2962590313674	8.72775418654626e-05	0.00467220336266701	1.63297158162812
CHRNB2	1.10865943766915	7.24292967115292	5.27048807750786	9.16869220692423e-05	0.00481271516466161	1.58506930865112
LOC101929340	0.595248561211094	7.67319958245321	5.25795115251225	9.39147149469466e-05	0.00481271516466161	1.56173434154304
SMC4	-0.682560033704654	9.32979762170209	-5.25757305751951	9.39827654135645e-05	0.00481271516466161	1.56103027244023
TCEAL2	-0.863665954837137	7.42539047319987	-5.25690366683551	9.41033691414281e-05	0.00481271516466161	1.55978372137399
FAM212A	0.907015176081923	7.51890278622771	5.245237858915	9.62310974866205e-05	0.00487552880404103	1.53805000648433
FAM222A-AS1	0.819933606470016	6.40861405028404	5.22704965381684	9.96482574597724e-05	0.00500793137897847	1.50412936283923
PPIG	-0.716340668027733	10.4156098815761	-5.22421360064007	0.000100192295054025	0.00501954635046173	1.49883629085921
WASF1	-0.671738917073018	9.03747950039932	-5.20009287284177	0.000104945370660727	0.00511917852796397	1.45377631919755
YEATS4	-0.686058352467111	7.25982418567086	-5.19914650620443	0.000105136541354616	0.00511917852796397	1.45200687424087
RNF112	0.753403808681799	6.30204461693129	5.19011353090449	0.000106979469049737	0.00513091378527293	1.4351118826811
ELF3	-1.30382500119164	11.919011262605	-5.18680116681494	0.000107663606519677	0.00513914281787258	1.42891390700557
NPM3	0.608670953017993	8.23920517962788	5.1756656982448	0.000109996880133119	0.00514249529701355	1.40806728204063
SCML1	-0.586330007276265	9.10908828326749	-5.17504755080562	0.000110127925355039	0.00514249529701355	1.40690958678981
DCXR	0.832539402400217	13.1331886342449	5.16789818067968	0.000111655348572656	0.00516303596480509	1.393516358094
EGR2	-3.06122946151124	6.65676014445655	-5.16736732226787	0.000111769633316311	0.00516303596480509	1.39252161689579
CHRM3-AS2	-0.876403301353303	6.24839487330498	-5.13777505231094	0.000118335427981695	0.0053184488154283	1.33701377919621
MBLAC1	0.625757715888925	7.61057375080721	5.136786643486	0.000118561488414069	0.0053184488154283	1.33515784740864
SNORA63	-0.750017136558288	7.07433600003521	-5.13571155943007	0.000118807879160073	0.0053184488154283	1.33313902547376
MYH7	4.03801246723082	3.97954449846033	5.10453341705379	0.000126188353881724	0.00554080488597288	1.27452847927257
EVI2A	-0.587283692599226	7.7055943869792	-5.09335998295993	0.000128947236832878	0.00559672407834053	1.25349430824732
MIR126	1.27109431624483	6.05620795668715	5.09085327540579	0.000129574689925778	0.00559672407834053	1.24877325134078
SOCS3	-2.51107460052779	10.2385529672476	-5.08105863622972	0.000132056769028874	0.00563092684613444	1.23031883018499
KLF4	-1.25882679259261	9.70996112786473	-5.07363291928675	0.000133971222477632	0.00568434935075463	1.21631984259613
RPPH1	0.618654628840464	18.4254494761656	5.06375892380716	0.00013656135854212	0.00573758040388213	1.19769478681097
CFI	-0.776733248719955	13.1112757192393	-5.05875399060921	0.000137893937622239	0.00577653262703176	1.18824952109767
C10orf62	0.870963760831643	9.14970636797542	5.05015779584928	0.000140214116639501	0.00577653262703176	1.17201966851438
TEF	0.953523300142983	11.8096301788327	5.0469805547602	0.000141081845647564	0.00578603922579414	1.16601865439185
GLMN	-0.653904226664522	7.25192370661201	-5.0425222303135	0.000142308804313515	0.00580257588211198	1.15759590953443
RCOR2	0.853423735508549	6.16841763483537	5.04183800160477	0.000142498080903821	0.00580257588211198	1.15630303740603
FCGR2A	-0.587414054418556	9.41262287788708	-5.03618864964313	0.000144070811354432	0.00582233211022517	1.14562621978856
PFDN4	-0.611525578686166	6.98438399560678	-5.03512136568641	0.000144369940217405	0.00582233211022517	1.14360870210675
PXMP2	0.592465582933388	11.1809775181109	5.0312004112443	0.000145474384478999	0.00582711380626368	1.13619561682822
SLC25A25	-0.940668729512774	11.5966089908518	-5.02292991198633	0.000147832682960773	0.0058668748822123	1.12055300558392
GBP2	-0.592615187325483	9.72487980219614	-5.00899260082818	0.000151896500525863	0.00592303187335226	1.09417356793704
HAT1	-0.614693958114421	9.38295280085411	-5.00746164583994	0.000152349865457501	0.00592303187335226	1.09127446673532
CTSL3P	1.39414007198892	8.50992975026424	5.00456980701923	0.000153210044750606	0.00592763292206624	1.08579754957391
TMEM119	1.22799430904466	8.85820227829197	5.00325025594303	0.000153604209291913	0.00592763292206624	1.08329808806594
XIRP2	2.96489740278235	2.73538118087197	5.00121939086656	0.000154212896441589	0.00592763292206624	1.07945086345052
RHOB	-1.01214240474582	13.1907030424182	-4.99979742243332	0.000154640566847787	0.00592763292206624	1.07675682352858
WNT4	0.828132809118979	7.50687271434258	4.99511146132738	0.000156058593472254	0.00593298865094515	1.06787715311141
C5AR1	-0.99253297849274	8.63066737466455	-4.99104114687734	0.000157301202314044	0.00594079969354841	1.06016196555508
SLC10A1	1.29534822810973	7.62022019976816	4.981843373685	0.000160146881467075	0.00599556429440133	1.0427204958455
MNS1	-0.940261133203625	7.24429268199586	-4.93809051392137	0.000174428558796495	0.00617890899833908	0.959615729038008
LILRB3	-0.699390291056593	6.34104705475836	-4.92693653824631	0.000178275237891166	0.00621750235501609	0.938393713488755
ENDOU	0.719428730416417	6.66059472400077	4.9238879706368	0.000179341738587004	0.00622587562803854	0.932590859333325
C10orf82	0.833076185889903	5.76513966060375	4.91986427159118	0.000180759451369859	0.0062613156956965	0.924930218895655
CA14	0.67586263037957	7.27653251877848	4.9189269643659	0.000181091358284518	0.0062613156956965	0.923145428449038
ZC3H12A	-1.28619312561981	9.92428202439396	-4.91003355401845	0.000184272000149482	0.00633306010113741	0.906205817245354
CXCL2	-2.89800535300964	6.51052592071789	-4.90546363938442	0.000185928720363047	0.00634962521773629	0.897497774631532
DUSP5	-1.5943736515992	9.7115008391281	-4.90471284082226	0.000186202369947984	0.00634962521773629	0.896066886102205
NFKBIZ	-1.39533430756947	10.7318659315334	-4.90361971477787	0.000186601532527748	0.00634962521773629	0.89398346617992
ICOS	-2.10071795292787	3.60785670697501	-4.90010749404684	0.000187890021899435	0.0063589442387408	0.887288494268795
SAMD5	-0.703388220307041	11.063732652103	-4.89838534303767	0.000188525154138592	0.0063589442387408	0.884005223181752
HSPA1B	-1.99991848668132	5.17135590109181	-4.88305385602862	0.000194277864034056	0.00642734347083771	0.854760849328333
GRK6P1	1.04804613635931	6.32808553412868	4.88113048069995	0.000195012215111533	0.00642734347083771	0.851090170049886
DUSP6	-0.731991289858106	11.0308849713519	-4.86928591564178	0.000199597968435352	0.00649600660907783	0.828476055320675
LOC100130238	0.756306454606923	8.8942258475354	4.8546732092539	0.000205408861639695	0.00661001100827064	0.800555020952995
ADGRL4	-0.783406106203513	8.6850603626454	-4.82669810574475	0.000217024371903306	0.00679911696404465	0.747035180973802
STAR	0.756346859852754	6.3248634414865	4.81704137442797	0.000221189161411112	0.0068370401244832	0.728540472981057
AGXT	1.55207356672966	11.2532642195797	4.81697727316961	0.000221217080377832	0.0068370401244832	0.728417670970633
PDK4	-1.87283006655294	11.4981525283876	-4.81475433302062	0.000222187517298195	0.00684458373099473	0.724158792656826
TLR2	-0.638560488217026	8.55428848941094	-4.80585422736418	0.000226117001988595	0.00687715851711861	0.707101852826537
ABHD1	0.656489540948764	7.50553682747154	4.80214372698468	0.000227776280604348	0.00687892373621286	0.699988162284997
CELF2-AS1	-0.703666382381104	6.88929006293491	-4.79837385708681	0.000229474942381511	0.00691308052565187	0.692759109519065
EPX	0.764063117674505	6.07040514929541	4.7882171612703	0.000234116600891963	0.00702104654402705	0.673275063331279
PDE4B	-1.14816873052783	9.21600849467104	-4.77983742000244	0.000238018853348206	0.00705271914049364	0.657191408515001
COPS2	-0.684384079165946	10.224156037014	-4.77618613367673	0.000239740042111962	0.00705271914049364	0.650180941530638
TMEM125	0.710832099013817	9.73544210007063	4.77611300553388	0.000239774644637746	0.00705271914049364	0.650040520884064
GCC2	-0.614766377148621	11.3108183736261	-4.77539529054485	0.000240114523314517	0.00705271914049364	0.648662334151997
HIST1H4H	0.816700197057715	9.952840334139	4.7730553389434	0.000241226068296911	0.00705271914049364	0.644168675195413
SAMD9	-0.637688066694567	9.12498669420908	-4.77197823724965	0.000241739500334658	0.00705271914049364	0.642100004024631
ZNF267	-0.723382334050363	8.69784937567309	-4.73973498383603	0.000257641045390688	0.00732997305296952	0.580116599621518
SURF1	0.676500840556187	10.8291154600637	4.72425102838043	0.000265655759381728	0.00747140518693225	0.550311693353714
MAFF	-2.30282074478929	8.97166686863722	-4.71761695358696	0.000269167652991045	0.00750939316156096	0.537534165572472
APOBR	-0.964777944790371	6.8752697056772	-4.69177861679645	0.000283306846728148	0.0077405440148097	0.487724974107477
ETAA1	-0.65531926307877	8.78090633628657	-4.69074243169987	0.0002838895277746	0.00774342483377575	0.48572606529345
LRRC19	-0.702940812791196	11.123618670584	-4.67632583552989	0.000292125379170731	0.00784325131997684	0.457903619692722
ADPRHL1	0.585998205394032	7.07385352526214	4.67144223703579	0.000294970580739857	0.00784325131997684	0.448474038906082
PRADC1	0.644884739680322	9.77775898091246	4.67112895672167	0.000295154067541678	0.00784325131997684	0.447869054111325
PIM3	-1.00321868101465	12.108242771484	-4.66849700206818	0.000296700227762702	0.00784495145156441	0.442786019295207
RAD9B	0.886232272672304	5.85931678245577	4.65793795449336	0.000302987313408215	0.00790065856389493	0.42238658143557
WEE1	-0.702322060943626	9.81088120922446	-4.65538524220412	0.000304527684480446	0.00791966456885801	0.417453223706339
JUND	-1.10436065887272	12.6217823513627	-4.64716125818601	0.000309545148658045	0.0079514172548616	0.401555190154113
CDC20	0.731326368265939	6.85196571634214	4.62975470044579	0.000320446760320063	0.00808598697406748	0.367884007357655
UFSP1	0.941548670350808	7.01208325325561	4.62325411196944	0.000324618425349352	0.0081312754564989	0.355301675560986
ZNF93	-0.7119895752811	7.03460788822815	-4.61026419405669	0.000333122308189224	0.00824114168005311	0.33014650878876
KLF10	-1.19097576090918	11.0348616539197	-4.60868379224392	0.000334172406162459	0.00824114168005311	0.327084925065485
DGCR5	0.823432590644332	8.66720896599797	4.60575590777224	0.000336126822953455	0.00824377582911688	0.321412338090004
FAAP24	0.704775786426876	6.15990297033629	4.60550533884362	0.000336294626176148	0.00824377582911688	0.320926838724579
NYNRIN	0.613974622317038	11.1513722191156	4.60386401711324	0.000337395928604931	0.00825899093610702	0.317746484352414
ZNF91	-0.754055886070345	11.6761132816362	-4.60212627529401	0.000338565960786523	0.00826209028272641	0.314379017361497
PROK2	-2.1605609827589	2.21712394179142	-4.60188878443789	0.00033872618785396	0.00826209028272641	0.313918775427799
TPP1	-0.67842462256595	13.6428832645272	-4.59674602744906	0.000342214979961384	0.00829643457650617	0.303951122109923
NUCB2	-0.826899359316009	9.43427780751262	-4.59362576500601	0.000344349680627964	0.00830943800304154	0.297902222986508
ACY3	0.603381912220794	12.0590337906233	4.58980380371115	0.00034698306761408	0.00832759362273793	0.290491758366183
RELN	0.921149801316249	8.7432090967378	4.58451288164009	0.000350662723930458	0.00836156507106044	0.280230816176609
LOC102723701	0.58630021840922	6.22906545452212	4.58127419022748	0.000352934848706267	0.00838842661157467	0.273948559709742
C9orf131	0.614732759969336	9.57831126009762	4.57232959203084	0.000359288750257341	0.00845072156102768	0.256593138561034
RPL32	0.661626323905013	13.3137133183022	4.57130244543589	0.000360025866867574	0.00845175477630108	0.254599661226698
PTHLH	-0.789295856003113	6.62640081548773	-4.5593681418096	0.000368704900331258	0.00859677748614972	0.231430462992701
LOC221946	-1.90633461333289	5.75492519519871	-4.55866928790515	0.000369219731366977	0.00859711634662619	0.230073301854995
CEBPA	0.735932792056238	9.64316919206494	4.55707416326314	0.000370397589078332	0.00861280071994322	0.226975430702075
ABHD14A	0.834065405489428	9.91780068064036	4.54819568187621	0.000377024315392465	0.00868469951166772	0.209728361722516
PTGFR	-0.745241706433893	8.42084228161064	-4.54649000741954	0.000378311251215516	0.0086910435038602	0.206414141358261
SDF2L1	0.604989341152784	8.95535016677042	4.53601484989981	0.000386314140707697	0.0087706025130795	0.186054504414755
VMP1	-1.17233495379141	12.1784971050906	-4.5327215124175	0.000388865899214285	0.0087706025130795	0.17965147551366
OSCAR	-0.827138523476236	5.51151830691041	-4.53134767462427	0.000389935482350113	0.00877978898334074	0.176980119064802
NAT8B	0.596996283052041	11.1571157050292	4.52332838916349	0.00039623923423614	0.00885715988420544	0.16138363893652
SYT10	-0.652211780154294	6.94303241237297	-4.52239469056189	0.000396979946513416	0.00885715988420544	0.159567339493677
BHLHE40	-1.18976751041824	13.1476566354705	-4.51896040392269	0.000399716628246827	0.00888580923647281	0.152886040072445
RNF139-AS1	0.717834066477214	8.01506208509939	4.51274046070342	0.000404722429364396	0.00893498835378406	0.140782651434334
RPSA	0.684273591145747	13.0534357477298	4.50712033888118	0.000409300722457207	0.0089712035901845	0.129843499484778
TP73	0.602879100189437	6.67633915846037	4.5021793526711	0.000413369590943472	0.00897508864017828	0.120223928637885
PLAUR	-1.38955981347251	7.77121970449976	-4.50141387578122	0.000414003652744625	0.00897508864017828	0.118733434752484
CD300LB	-1.24307399315786	5.13872103047674	-4.49994493644378	0.000415223200008248	0.00897508864017828	0.115873053806885
S100A9	-1.20429220156055	7.17083069375493	-4.4913710465563	0.000422415229082634	0.00901047080810902	0.099173840717885
ZNF331	-0.761101580356527	10.5001160338169	-4.49041558226162	0.000423224562690513	0.00901047080810902	0.0973125024655808
LOC105370526	-1.21942539379587	7.27878423607349	-4.49004988892461	0.000423534746202018	0.00901047080810902	0.0966000749191744
HIST4H4	0.8244527078168	10.3261699833929	4.48945283151398	0.000424041674701618	0.00901047080810902	0.0954368891452688
SNORA53	-0.821944063754508	9.15252123203286	-4.48784642261808	0.00042540867506001	0.00901383806686956	0.0923071334964858
HIST1H4B	0.897785235149971	10.6399532774829	4.47813651214469	0.000433768117402427	0.00904273311240576	0.0733846238029665
GFRA2	0.598816140677211	6.25416552682938	4.4706000837062	0.000440372181997785	0.0090953792974158	0.0586921667832527
CALB1	-0.992083232018913	12.6017685871404	-4.46297195599382	0.000447161469834947	0.00915719720527556	0.0438160024856655
GTSE1-AS1	0.645610465643188	6.91381030828506	4.4623358204372	0.000447732470182508	0.00915719720527556	0.0425752052443693
RPL35	0.720947700345263	12.3577939945665	4.4618586790699	0.000448161245905304	0.00915719720527556	0.0416445073885399
MUC1	-0.81265573531798	12.5749574583675	-4.43711106306335	0.000470986431987735	0.00938053450004086	-0.00665366256943667
CCDC82	-0.745235590567841	9.15128967674661	-4.43500412404134	0.000472983844693975	0.00938053450004086	-0.010767979110641
RBM24	-1.21562897469109	5.70722045545305	-4.43487601876391	0.000473105569746288	0.00938053450004086	-0.0110181479618428
KLRD1	-0.962771673437324	5.89806069713988	-4.43416970334583	0.000473777283226501	0.00938053450004086	-0.0123974917912983
OTUB2	0.751997773867562	8.170360094272	4.43184677959581	0.000475993298051793	0.00939089418337775	-0.0169341545595882
NAMPT	-0.764393805071734	10.5050005703391	-4.42933428265149	0.000478402102222092	0.0094167946444266	-0.0218415516450943
PER3	0.750354038619006	11.8919363093956	4.41490354037838	0.000492480839196774	0.00957858286510987	-0.0500375723780619
NHLRC1	0.699615881543081	6.35647179869694	4.40615971431212	0.000501216874179839	0.00966783771791418	-0.0671301903735664
FOLR3	0.845507022533804	7.64383043479077	4.40557033064128	0.000501811403852634	0.00966783771791418	-0.0682825503443887
MARC1	0.655043583070761	9.67572177702929	4.40105601492799	0.000506389117411375	0.0097118198589253	-0.0771098350716191
GPR34	-0.735979982111148	7.11822922113391	-4.39484366031718	0.000512758630066686	0.00975774562465773	-0.0892601044366028
FILIP1L	-0.629386699999699	9.57274918452279	-4.3860835220327	0.000521879865523766	0.00987663393079339	-0.106398552074728
EID3	-0.774602985324439	7.38784650368299	-4.37840288972022	0.000530013519584608	0.00995382767272339	-0.121429968093897
STK26	-0.722775020582787	6.68457737318623	-4.376008177644	0.000532575886869459	0.00998013526713716	-0.126117484843648
MIR3064	-0.738548697617192	6.50037056372626	-4.37349969260098	0.000535273573468399	0.0100197615321143	-0.131028180043771
VCAM1	-0.613337593389353	12.457652400597	-4.37218657031851	0.000536691302569859	0.0100263606394423	-0.1335989856339
EEA1	-0.616884398205897	10.5861660574118	-4.37146051190596	0.000537476847822962	0.0100263606394423	-0.13502050568534
CASC10	0.650987960371232	9.52386964586677	4.37101449277773	0.000537959992409555	0.0100263606394423	-0.135893768330079
GJA1	-0.921297572355558	9.6638350321533	-4.36757717918295	0.000541698341976437	0.0100720128313117	-0.142624209382571
SLC18A2	-0.676949237602958	8.85742017833659	-4.36714721825922	0.000542167822914534	0.0100720128313117	-0.14346615905426
RPL9	0.713321364295121	13.0577900814212	4.36509939410015	0.000544409586747289	0.0100796772444077	-0.147476402663264
CISH	-0.917344313610062	11.3837656894142	-4.36418590458059	0.000545412641552574	0.0100796772444077	-0.149265387515078
UPF3B	-0.622747493719803	8.60619963690085	-4.36103317779031	0.000548889015138726	0.0101202884507981	-0.155440198579036
NDNF	-0.699742869603092	12.0225944992827	-4.35903591397723	0.000551103017868613	0.010150218927175	-0.159352353357315
MYBL1	-0.883482821606396	6.03145277902159	-4.3560399483505	0.000554441223255803	0.0101789722013117	-0.165221287289606
FUT7	0.836190089773719	3.91066367878023	4.35422145406932	0.00055647751984422	0.0101963502200262	-0.168783948460994
TAS2R3	0.586777832353385	7.90417383581597	4.35249236290439	0.000558420792475423	0.010208407338189	-0.172171687919978
LOC101927765	0.602481425609655	6.16114381379025	4.34850881665015	0.000562924208031842	0.0102414144671564	-0.179977343334116
IRX6	1.29014758167337	5.24302937656785	4.34826039357647	0.000563206277436152	0.0102414144671564	-0.18046416115272
PTPRQ	-0.785633527067093	10.5151791303993	-4.3448557916555	0.000567086579238818	0.0102686028689172	-0.187136391164453
CLMP	0.989308023570972	8.76456388156768	4.34432910725933	0.000567689288027896	0.0102686028689172	-0.188168647345701
MALAT1	-0.62224498805845	12.0578578592729	-4.33942742551097	0.000573329984460337	0.0103271514182038	-0.197776507624712
PLN	-0.834259386634171	7.96541357204643	-4.33530911522047	0.000578113444202053	0.0103590212984026	-0.205850239350543
PRELID1	1.07456090156036	9.73850118969125	4.32190531893257	0.000593966211756327	0.0105223869925987	-0.232136257033099
SCN4B	0.805980490095234	8.74602470632244	4.31591066447966	0.000601199128849365	0.0105360016680555	-0.243896502403311
MIR324	-0.937341258811197	6.09806500549108	-4.31538174256751	0.000601841607493162	0.0105360016680555	-0.244934259060456
ACTRT3	0.669501915383852	6.76865415038479	4.30732040155898	0.00061172089537277	0.0106394856944187	-0.260753255913258
LINC00649	0.963520627970892	6.73273213829009	4.30168660738256	0.000618723334845472	0.0106963197042099	-0.27181133788434
PRDM1	-0.86269689015447	8.47030142250673	-4.29917281316329	0.000621874165470446	0.0107284581086356	-0.276746163754066
LOC100505658	-0.859218171578889	8.35307288362467	-4.29550431330968	0.000626501739665213	0.0107284581086356	-0.28394858245245
RPL37A	0.647820537372072	13.0727413595063	4.29492211675109	0.000627239367778903	0.0107284581086356	-0.28509170348731
TIMP4	0.89984751654934	6.55236747796947	4.29028957455013	0.000633140356153965	0.0107637654704433	-0.294188363054299
SCN3B	0.60573328450713	7.98407923272334	4.28920818656739	0.000634525978908232	0.0107637654704433	-0.296312036636676
UQCRQ	0.597842066876462	11.1509395838543	4.27638990284147	0.000651188219129742	0.0109384343670826	-0.321491204909887
FLT1	-0.621470837315169	12.7931553301901	-4.2748107819096	0.000653271547160093	0.0109520178208771	-0.324593871410657
GPR183	-0.708375734601469	8.00218905615637	-4.27172484283652	0.000657362465001573	0.0109915253121817	-0.330657628719485
C9orf47	-1.10219900211046	8.3288454432175	-4.27158608677256	0.000657547021701743	0.0109915253121817	-0.330930294352769
CGREF1	0.947685036712459	9.36888740619965	4.27003527612824	0.000659613324757143	0.0110046557015794	-0.333977836578999
LOC101928069	0.622832908417206	6.4146008249383	4.26489225865963	0.000666513422326608	0.0110461883665651	-0.344085677967177
DUSP8	-1.22540775325707	9.8037650840972	-4.26413460308836	0.000667536130784866	0.0110461883665651	-0.345574887038725
C16orf89	0.703227897458447	10.0631361103157	4.26339874152145	0.000668530953283734	0.0110461883665651	-0.3470212954175
MDFI	0.855151585575342	6.64230771262953	4.2623838303859	0.00066990550888838	0.0110547427336359	-0.349016262124008
ABHD11-AS1	-1.06936730746692	6.48522144618151	-4.25818425057377	0.000675623966398862	0.0110769744802208	-0.357271917579106
LOC730668	0.919833928723149	6.81050677862964	4.25332887829603	0.000682297492701254	0.0110769744802208	-0.366818194844606
CCDC68	-0.788522172682246	7.84600931817066	-4.24694353234329	0.000691176376041623	0.0111503240783448	-0.379374936293348
HIST1H3E	0.831115686096964	6.48288073433365	4.24030961231266	0.000700525744610447	0.0112415566072753	-0.392423289105344
GJA3	-0.718380852596784	7.43897216405836	-4.23781385479329	0.000704076377189502	0.0112757208440116	-0.397332961074454
PPP1R14B	0.726948337144769	10.1800942077424	4.23614090421414	0.000706466695785383	0.0112929522794196	-0.400624223694032
KLF6	-1.58381402668977	12.4032133688146	-4.2347877687305	0.000708406112291908	0.0113134299568998	-0.403286431425681
CATSPER2P1	0.589448266250299	7.02112869703565	4.22758508136505	0.000718821268455061	0.0113909375994667	-0.417459207159873
KIF20A	0.749990539987644	6.42684773136566	4.22517642013086	0.000722338935166058	0.0113909375994667	-0.422199473247238
UGCG	-0.720950451189688	11.2234300225502	-4.22454890329429	0.000723258253543374	0.0113909375994667	-0.423434491321633
ZSWIM4	-0.66327983411527	9.80705423247176	-4.22290798266528	0.000725667859065584	0.0113909375994667	-0.426664108931338
LRRCC1	-0.710369566167626	7.47930357987961	-4.22283268369566	0.000725778627781657	0.0113909375994667	-0.426812314440856
LOC284454	-1.53574756850574	9.55273476705979	-4.21764746674935	0.000733447952837115	0.011447383852455	-0.437018847143587
LCNL1	-0.908353731544593	6.21855137401272	-4.20922390936143	0.0007460835292619	0.0115639449050516	-0.453603225634752
MXD1	-0.596246649648048	10.2397350818173	-4.20642305965656	0.000750333843797799	0.0116055236470039	-0.459118522864825
C12orf57	0.630625411107157	10.6001209283888	4.20282400030649	0.000755831691501801	0.0116590770078698	-0.466206311800341
CXCL8	-2.02379365402089	5.25528594923996	-4.19816627482875	0.000763007714891065	0.0116962752655558	-0.475380134042132
TNFSF9	-1.87263170334407	4.70126780427174	-4.19754433566849	0.000763971157428365	0.0116993072515604	-0.476605198962577
PLIN1	2.08325669611915	7.22894296425851	4.19261835973834	0.00077164587140184	0.0117515132905187	-0.486308953398159
SLC20A1	-0.847389224928291	10.9807994397884	-4.18834373411933	0.000778369402538194	0.0118053837715943	-0.49473076368765
GPBAR1	0.919088410883699	6.56688071241929	4.17522958832908	0.000799371253913347	0.0120135449849739	-0.520574717629428
DKK3	0.66805745969276	10.6114348996398	4.16927825624138	0.000809091593110879	0.0120669281897636	-0.532306221388468
LOC105369971	0.614861345199899	7.30550623882591	4.16444319106773	0.000817077280104134	0.0121273725169771	-0.541838769215868
HHIPL1	0.613058826365652	7.36622642149882	4.15905452968844	0.000826071897032846	0.0121956846426577	-0.552464297723958
HIST2H2AB	0.662081678837815	8.7056605710828	4.15722953914559	0.000829140920497124	0.0122300065045687	-0.556063235627095
PDCD2L	0.626576011407917	7.34782563165179	4.15093624928681	0.000839813428465172	0.0122969218841427	-0.568475203410767
SVEP1	0.755729937627057	11.7790080981164	4.15007240928696	0.000841289250044241	0.0122969218841427	-0.570179084561016
CXorf21	-0.592633492931645	6.14743214101896	-4.14892963078836	0.000843245678683646	0.0122969218841427	-0.572433220275141
VNN2	-0.753347629941019	6.78593128538608	-4.13970393045718	0.000859210553511557	0.0123564434708886	-0.590633536235793
HES1	-1.16286645896679	10.9717897613248	-4.13850091370793	0.000861314896066502	0.0123564434708886	-0.59300716447088
SCN7A	-0.687880953016814	9.2503297545844	-4.13801801683293	0.000862161063873107	0.0123564434708886	-0.593959972212596
MAFK	-0.6334936047776	10.8169463114713	-4.13386326987042	0.000869476355167663	0.0124095362850508	-0.602158246860886
SCARA5	2.48448632724272	5.53795605130273	4.12668755933146	0.000882259729552897	0.0125405062545277	-0.616319712712302
DUSP10	-0.682618234001248	7.77295147981704	-4.12323351365603	0.000888481042065096	0.0125556399891831	-0.623137321653837
GOLGA4	-0.607500984845315	12.9868080646176	-4.10776557127143	0.000916893422643534	0.0128200948533006	-0.653675460284163
DNASE1L3	-0.59645825550429	9.62673537445049	-4.10557353836512	0.000920993963202687	0.0128557135671139	-0.658004129954866
ADCYAP1R1	2.02352618734675	3.63741833680762	4.10349011628357	0.000924908613836844	0.0128804048941052	-0.662118542661045
LOC105274304	0.848438536510969	6.7845762055907	4.09458783575965	0.000941827080066129	0.0129786339565809	-0.67970145850834
MNT	-0.710516204264389	11.1249938269804	-4.08461640455502	0.000961151364003344	0.0131376598313744	-0.699400579468975
RET	0.939799432044793	7.7559513955731	4.08234992402647	0.000965599648919106	0.0131376598313744	-0.70387879400041
EIF5B	-0.599051845621538	10.9215742500039	-4.07987900347343	0.000970473019759704	0.0131726764388237	-0.708761223559085
CXCL1	-1.51556497018188	6.49437748419376	-4.07428780014947	0.00098159297150366	0.0132299159609801	-0.71981023661906
PLIN4	0.74573373166375	10.6274111412332	4.07204181664984	0.000986096222276271	0.0132577673541139	-0.724249023203678
LINC00473	-1.92342468511308	8.33646311896461	-4.07192277126506	0.000986335496111174	0.0132577673541139	-0.724484301629281
ECEL1	-1.1312776777302	5.80408523444712	-4.07160647708584	0.000986971514411083	0.0132577673541139	-0.725109420941546
LDHAL6B	-0.740456779426085	6.81919250911875	-4.06486955560646	0.00100061782026075	0.0133596122272736	-0.738425249858221
HIST1H4C	0.6843489478064	11.6987990664994	4.06373491597191	0.0010029349370935	0.0133703909689796	-0.740668116516142
IL1B	-1.98068816537457	6.19280545998194	-4.06207456959625	0.00100633546016015	0.0133949407803192	-0.743950262229918
TREML1	1.01080993806385	4.71790705959264	4.05591895147681	0.00101904519368477	0.0135009660070548	-0.756119649349519
TNNT1	3.01055545296795	2.72173432506359	4.05464222553053	0.00102170164738789	0.0135053239297796	-0.758643888176907
OLFML3	0.8182381023706	10.5697976587886	4.05243081306455	0.00102631953515279	0.013509800618633	-0.763016280551639
LOC100506142	-0.961866186584523	8.3460224762781	-4.05222164088605	0.00102675742597385	0.013509800618633	-0.763429865557871
PTP4A1	-0.682604801700036	11.5769499354566	-4.04562078485185	0.00104067387787824	0.013640686435896	-0.776482350047781
C11orf42	0.830196110961904	7.64433656588363	4.04353039943904	0.00104512081284312	0.0136885335730915	-0.780616249053947
KLHDC7A	0.748132477711607	12.696434062178	4.03984046318497	0.00105301766490362	0.0137291772031137	-0.787913831749878
KIF20B	-0.706280941567075	7.39822753209804	-4.03908210533432	0.00105464812138938	0.0137354222201759	-0.789413705621199
SLN	1.28919280554863	1.28610700562999	4.03712442858878	0.00105886895266985	0.0137420432607261	-0.793285692771313
ABRA	1.51955558668174	5.75923739571242	4.03626475495087	0.0010607278598259	0.0137462651155718	-0.794986046679006
GINS2	0.832491120230176	5.74095284965628	4.0344201540603	0.00106472770502512	0.013771533132318	-0.798634597066219
SELL	-0.748470234240607	6.8723120505123	-4.02719390876572	0.00108054520170335	0.0138982700195137	-0.812929171122696
PWAR1	0.634356394241789	8.04505690875633	4.02252184747057	0.00109089862229151	0.0139583037419638	-0.8221723115679
CA4	0.587176493971755	10.9608765151855	4.01598276544679	0.0011055587415331	0.0140518117721215	-0.835110585517437
ETFRF1	-0.620002396063398	7.77506273585615	-4.0084206268	0.00112276200253636	0.0141769046700999	-0.850075148676166
CENPX	0.645731695210022	9.47343959138441	4.003364505408	0.00113441556113558	0.0141776295571054	-0.860081813579264
ALX4	0.638645511052861	6.3817963113023	4.00022555973212	0.00114171200147673	0.0141883851642134	-0.866294638889879
DPP6	-0.621364164153002	9.4869547173099	-4.00015835237872	0.0011418687436656	0.0141883851642134	-0.866427664455024
ZNF92	-0.664106387639427	6.93109842715678	-3.99895692650547	0.00114467441662933	0.0141883851642134	-0.86880571131729
CCDC112	-0.602443476535793	6.48313307624977	-3.99888263356163	0.00114484814132263	0.0141883851642134	-0.86895276507455
AP1S2	-0.603415179124245	8.14197316698149	-3.99704267687359	0.00114915919275138	0.0142232641886329	-0.87259479766373
OLR1	-0.788894703292373	8.75104627261004	-3.99617355996487	0.00115120127207732	0.0142232641886329	-0.874315181075802
SMC3	-0.712703887031328	10.3710355137044	-3.98795185326955	0.00117070206668699	0.0144210353505012	-0.890591075967126
IMPG1	-0.669402403306962	6.62979742518798	-3.98082654549969	0.00118787319374769	0.0145698879096077	-0.90469844069648
CCL8	-1.59810177510023	5.39270931072634	-3.97647977814062	0.00119847358104885	0.0146789522571229	-0.91330544449514
CAMK1G	0.593871423110549	8.32456244221025	3.97437886708848	0.00120363136947589	0.014729816793555	-0.917465673223334
RNFT1	-0.585413643453596	7.06257183217274	-3.96285888418567	0.00123231589505034	0.0149022634345849	-0.940280166003814
NSRP1	-0.705272873463613	9.49931268983734	-3.9604624348912	0.0012383695462641	0.0149439201425578	-0.945026701050334
CCNL1	-0.630877334997274	11.4101689096667	-3.95407266699063	0.00125465843229438	0.0150769583919907	-0.957683501090235
LOC101927318	-1.44267184843728	8.02349835276286	-3.94981500224851	0.00126563251405503	0.0151452849035666	-0.966117750964052
ZFP36L2	-0.608891614564067	12.937574077291	-3.94638619704199	0.00127454089211282	0.0151906972941153	-0.972910466220789
RPL36	0.587787569224187	11.9774304948751	3.94509848434279	0.00127790288580871	0.0151906972941153	-0.97546161083982
STARD4	-0.59376518401819	8.82017761493744	-3.94495904560933	0.00127826747481906	0.0151906972941153	-0.975737862048731
NR0B2	-1.06512777959836	8.3408356109409	-3.94267488358703	0.00128425487538117	0.0152197488127931	-0.980263247033216
RPL13	0.594771869873588	14.4780410999034	3.93780341380957	0.00129711939652239	0.0153088596908247	-0.989915120399106
L3MBTL4-AS1	-0.923555589874528	7.82444762942108	-3.93685263976369	0.00129964537580448	0.0153281442263721	-0.991798975042676
IHH	-0.623339394766626	9.09917176491351	-3.93390064795171	0.001307519910446	0.0153682777982927	-0.99764818804169
ARID4A	-0.741572693948582	10.8260925433326	-3.93241297724963	0.00131150661822443	0.0153835697799103	-1.00059602106069
DYNLT3	-0.587748640599569	9.38430075235828	-3.92273437250965	0.00133774600067071	0.0155899114311314	-1.01977576138461
KCNK3	0.88137780435734	8.36785330464045	3.91910492307226	0.00134772221165329	0.0156587278465518	-1.02696876313817
LINC00539	0.658531114421648	6.30855803743139	3.91598967095683	0.00135634512050575	0.0157197608327535	-1.03314298269442
HOXC5	0.590578183326233	9.08422889587405	3.91564028252141	0.00135731569287083	0.0157197608327535	-1.03383546274826
TMEM44-AS1	0.605109411325994	8.503197183251	3.91414779777514	0.00136146961689201	0.01574393936519	-1.03679356953562
RPS14	0.619460457023015	13.2403060322003	3.91252784648755	0.00136599287788155	0.015759381083587	-1.0400043798066
MROH5	-1.42975276085935	6.47448292465554	-3.91197604496137	0.0013675371007879	0.0157610714553584	-1.04109808845437
RPL35A	0.591475995487427	12.4304346006419	3.90528574489056	0.00138640120050684	0.015808837577644	-1.05435933169248
LOC105369486	1.15852440823038	6.60293821260665	3.89806002825512	0.00140707099409791	0.0159492796586929	-1.06868308422285
LCA5L	-0.591445502586835	7.1682994600957	-3.89470893008937	0.00141676270035553	0.0160168751598088	-1.07532648472312
MIR647	-0.77431834133058	6.9634663129216	-3.88147227528517	0.00145570942596151	0.0162954651364181	-1.10157003232046
MIR6883	-1.6428506616555	5.17105622488718	-3.87981487489495	0.00146066177436206	0.0163092995000895	-1.10485633232195
PTRHD1	0.600697786518844	7.82418745265686	3.87868234994157	0.00146405558246692	0.016312009188197	-1.10710194044522
MOV10L1	1.11044869788479	6.03614057860945	3.8780652773894	0.00146590810384732	0.016312009188197	-1.10832550367309
IKBIP	-0.585266286563227	8.12308308634289	-3.87784950922134	0.00146655642358642	0.016312009188197	-1.10875334177209
ARHGAP26-AS1	-1.15634112945057	6.31278397524205	-3.87760313601418	0.00146729705712981	0.016312009188197	-1.10924186656256
IL1RN	-1.52694888653324	4.60841429776063	-3.87120869492812	0.00148665258264255	0.016443306424323	-1.12192161272005
RPS2	0.598599808023238	13.5933004376511	3.87007960781875	0.00149009698108255	0.016445617548441	-1.12416060158753
ITPRIPL1	1.01622281188995	5.0254018416998	3.86939547210277	0.00149218793439953	0.0164581241750459	-1.1255172604439
CEACAM3	-1.83270214827281	2.99065911421804	-3.86709580255993	0.00149923828970245	0.0164935408260224	-1.13007763158278
MCL1	-0.720114132022388	13.0109423019377	-3.86570539703841	0.00150351734433225	0.0165194642231492	-1.13283493162996
MIR6723	-0.890855517152128	10.191209492699	-3.86225930623723	0.00151417620813707	0.0166047249270117	-1.13966899962385
FCGR3B	-1.97956529263936	5.80400018624886	-3.85451672917861	0.00153840377741154	0.0167528076749303	-1.15502438120357
THEMIS2	-0.847049849985805	8.76173592392486	-3.85050632001406	0.00155110659076379	0.0168488528174232	-1.16297839760224
ETV4	0.74883375871554	7.58436464606885	3.84609083819116	0.00156521513718563	0.0169161364260364	-1.17173612637919
DGCR6L	0.610287182776462	10.9185008283531	3.83276504233305	0.00160858571165477	0.0172438782714133	-1.19816857456449
CXCL3	-1.65888653241406	4.65836732745649	-3.82960638681329	0.00161904280362354	0.0172612651475191	-1.20443432907272
ALK	0.611374585653309	7.20944040050613	3.82596733770161	0.00163117547440874	0.0172770834231848	-1.21165320204973
RPL30	0.596143275866133	12.9374279395702	3.82158098257581	0.00164592183509048	0.017330588734188	-1.22035476068351
ESM1	-1.25861667984794	8.72335777903771	-3.81234558128831	0.00167741184024594	0.0175119350320694	-1.23867654603927
FCN1	-1.08391730710736	7.76948259043664	-3.81043310618987	0.00168400849294376	0.0175169503285385	-1.24247076378755
LINC01567	-0.921762145920923	8.28781840432666	-3.80323531188756	0.00170907137688116	0.0177133187818612	-1.25675104676104
FAM87B	0.707088082574901	7.56763595596194	3.79949820486438	0.00172223226791122	0.0178087769549056	-1.26416560498263
MYBPC1	3.37247191792116	2.54835508600046	3.79915007742708	0.00172346345879935	0.0178087769549056	-1.2648563096188
NMRAL2P	-1.01100067498134	7.58586899668161	-3.79607364313053	0.00173438230191406	0.0178617021792317	-1.27096017993436
C2orf40	0.863927510948704	9.81398937576799	3.79480933902632	0.0017388897767549	0.0178761431685177	-1.27346867686673
NR2E3	0.605599813940391	6.37662614098859	3.79468172476949	0.00173934540140606	0.0178761431685177	-1.2737218762195
ERFE	0.991913156811083	6.3572623963741	3.7879768960313	0.0017634541023993	0.0180158304263533	-1.28702511874443
ZFAND5	-0.685768583088359	12.4567283185103	-3.78664262229372	0.0017682918727551	0.0180206435175891	-1.28967253336991
VNN3	-1.94906972585932	2.94411828790183	-3.7810580269935	0.0017886861186333	0.0181370699408227	-1.30075341786468
IFRD1	-0.703806009458354	10.6063167827372	-3.78052789985243	0.00179063437019061	0.0181428425809879	-1.3018053011375
LOC644794	-0.843197219945617	9.22744958175239	-3.7747631105009	0.00181195909540148	0.0182877587574366	-1.31324396972091
PCK1	-0.773159454101481	16.2798871863635	-3.77173618603931	0.00182325849899594	0.0183346223360917	-1.319250165628
NPTX1	-1.31594332756262	5.92827288627997	-3.76263184984228	0.00185767495258593	0.018494951555757	-1.33731579620005
CH25H	-2.15949352339604	5.10187537260694	-3.76199260882476	0.00186011590765544	0.0185075187421885	-1.33858424913591
AK6	-0.675471359676205	7.39594615959178	-3.75959962691985	0.00186928231509139	0.0185460434772116	-1.34333268369915
MFAP2	0.698195043892376	6.15776911029841	3.75824387686132	0.00187449576951938	0.018586719714237	-1.34602293106767
TMEM92	1.03629234506952	3.47507690577088	3.7514065336768	0.00190101266468955	0.0187489810034667	-1.35959052548333
GAL3ST3	0.737738661033455	7.42879411749814	3.745813420135	0.0019229851719937	0.0188170897004155	-1.37068923665664
HIST2H2AC	0.61065876931977	10.9727346350255	3.74449449283337	0.00192820376967194	0.018830572718224	-1.37330646225797
SLC26A7	-0.633457641896024	11.6408040846389	-3.74438354979754	0.00192864338827248	0.018830572718224	-1.37352661321551
FMO2	0.825144120290647	9.88004604608611	3.74174106200332	0.00193914432606816	0.0188488462707447	-1.37877026575617
DTHD1	-0.803240480321967	5.00521343901561	-3.73858625243816	0.00195175667994365	0.0188488462707447	-1.38503055907502
ENTPD3-AS1	0.58740161200905	8.06202455467778	3.73475098392872	0.00196720080223911	0.0188488462707447	-1.39264113768733
MYL2	3.15632198638872	2.44975462042479	3.73423773527208	0.001969276910701	0.0188488462707447	-1.39365961127374
C9orf84	-0.590929400438958	9.65290012253484	-3.73399561472545	0.00197025706306646	0.0188488462707447	-1.39414006723195
LOC102724708	0.644725824676629	6.29790775775445	3.73360343250791	0.00197184573836672	0.0188488462707447	-1.39491830055377
USH1G	0.815661579883563	6.29092297292281	3.73254905159255	0.00197612329212182	0.0188758769604343	-1.39701057868802
COL17A1	0.871086638216942	6.92827497917848	3.72784312141227	0.00199532924255074	0.0189749516900896	-1.40634886067684
SDPR	-0.658654439059248	10.2362005744031	-3.7273056131643	0.00199753486914076	0.0189811992379056	-1.40741547180585
REL	-0.713866040533638	10.6486316187552	-3.72542669218355	0.00200526420857472	0.0190063211032256	-1.4111439289407
KCNK10	0.716897473878351	9.84515069903604	3.72067485140173	0.00202494666215004	0.0191611692964683	-1.42057326946704
LAMP3	-1.36426401438124	4.83572101754044	-3.71663684797492	0.00204182526096455	0.0192466951642429	-1.42858606395194
LINC00235	0.966030119660446	7.58252782064774	3.70795512872985	0.00207859577922142	0.0194753973365932	-1.44581342412641
FABP4	1.59833939629502	6.63408297507084	3.70032184886748	0.00211147637433363	0.0197086420513574	-1.46096007956257
BHLHE40-AS1	-0.631687640804337	6.12403794457563	-3.69792355170772	0.00212191486212171	0.0197524295724266	-1.46571893934884
GRASP	-0.855418400372137	10.0780308522801	-3.69105868819539	0.00215208199936848	0.0199360523326943	-1.47934046373174
RPS16	0.623424901578428	12.9929703963444	3.68235325984063	0.00219095909604822	0.0201011431428151	-1.49661363445251
CSRNP1	-1.25125438426829	10.9146174409561	-3.67842901455987	0.00220871455848959	0.0201778580399177	-1.50439986031743
GPRC5A	-0.640729398436582	9.51918258233207	-3.67413593746983	0.00222830472003486	0.0202384716221348	-1.51291774057741
HCAR1	0.72445571262183	7.21123891269303	3.67140667878006	0.00224084967694125	0.0202972670631772	-1.51833276290636
ZNF835	0.736560447306682	7.87673677721758	3.67039212080407	0.00224553115862149	0.0203090565419746	-1.5203456914348
MIR1914	-1.06619274511752	6.77236568812796	-3.66913884116365	0.00225132776263108	0.0203293832228337	-1.52283223997533
G6PC	-0.96396060653575	14.0928494179828	-3.66869525252283	0.00225338303084686	0.0203372552531893	-1.52371233072144
PIM1	-0.728546532818431	10.7851817260309	-3.66773881337806	0.00225782090140602	0.0203666112177223	-1.52560992243627
ARHGAP33	-0.733122293180816	9.53688648415273	-3.66689567072062	0.00226174036847313	0.0203912625875353	-1.52728272393342
FAIM2	0.733952364799802	6.32082497249032	3.66648796475101	0.00226363810133261	0.0203922028268077	-1.52809161297135
LINC01719	0.802796302541998	8.09454702104742	3.66603898514709	0.00226572980224712	0.0203951288223229	-1.52898238686165
HIST1H3C	0.71169506845465	8.16169322554932	3.66328127874933	0.00227862008715971	0.0204468969074425	-1.53445361762386
SEBOX	0.916559170757259	6.09040019937466	3.66290451401144	0.00228038690846002	0.0204520713126184	-1.53520110423113
LINC00864	0.653034478601366	8.01692564556963	3.6518656146317	0.00233276947528051	0.0207486080037372	-1.55710109849926
CFAP47	-0.646066723911961	6.82373944928257	-3.65100762170523	0.00233689121321264	0.0207745155757092	-1.55880320017423
NRXN1	-0.694524835080744	7.05344251396305	-3.64899509990725	0.00234658798296779	0.0208346568569912	-1.56279563818838
DEPDC7	-0.697901718405488	9.42014796205173	-3.64450862362537	0.00236835067588609	0.0209566107180364	-1.57169570292208
LOC101927377	0.853478984847207	8.18161570009601	3.63667034099104	0.00240686014350507	0.0211698534665614	-1.58724422332761
CFD	1.39657503251976	7.99822095391958	3.6365950457454	0.00240723310484526	0.0211698534665614	-1.5873935792691
MRPL41	0.587044200635139	11.0052126334041	3.63504852173248	0.00241490639323757	0.0212155021711963	-1.59046125054496
PADI4	-1.96400299483783	2.98333642246856	-3.6343064756619	0.00241859687810601	0.0212155021711963	-1.59193315304178
PFN4	0.605244277490504	6.6847632960333	3.62787979496505	0.00245079732498747	0.0213454137012594	-1.60468056591162
MOGAT2	1.05096525586973	8.23244165066162	3.6267204867871	0.00245665166117881	0.0213747352636439	-1.60697999624557
HIST1H4E	0.61262892048631	11.3034333029209	3.62145058306394	0.00248344152123171	0.0215315131689434	-1.61743229213578
PATL2	-0.61062208850291	6.84839479843601	-3.62006380441957	0.00249053994397883	0.0215821676234656	-1.62018273776648
ZSCAN23	0.606744159279734	7.62724044806914	3.61409071351971	0.00252134775694595	0.0216544276390203	-1.6320289633641
RPS29	0.613736764499716	11.9621417848132	3.61055705037373	0.00253975348962367	0.0217560620446913	-1.63903683207224
SLC38A2	-0.611157716829492	12.2638292516011	-3.60261397661008	0.00258162053237733	0.0219309369003183	-1.65478840596096
STAP1	-0.813856243613828	7.12398337463462	-3.59991734217823	0.00259599120376332	0.0220174326119843	-1.66013568579545
LINC01159	0.776389711282057	9.60200593306593	3.59970152558213	0.00259714478028934	0.0220174326119843	-1.66056363159466
TOX2	-0.704439142836899	7.37755262308041	-3.58748435761231	0.00266329375692183	0.0223466991791722	-1.68478751798863
FOXF1	-1.13843821261074	7.24062703884383	-3.58271745233525	0.00268956013644935	0.0224564698268663	-1.6942382643435
CYP2E1	1.1141985644688	7.69507610590428	3.58170451516286	0.00269517497972061	0.0224652047729731	-1.69624641631907
CTLA4	-2.1654297854784	3.35392490247275	-3.57257468970952	0.00274631653928726	0.0226984685147433	-1.71434515725254
SNORD133	-0.734099122783237	12.2351374812883	-3.57236776212176	0.00274748687794845	0.0226984685147433	-1.71475534032711
KCNMB2-AS1	-0.674320349086392	6.36798027890049	-3.57120681653049	0.00275406222450304	0.0227133574731653	-1.71705660848255
SLC22A7	0.784674970280664	13.4561637457069	3.57031738878985	0.00275911043008117	0.0227398338755467	-1.71881963984105
CHRNA10	0.763303028322114	6.91900730294141	3.56606468002777	0.00278337650589598	0.0228434942553887	-1.72724910012855
WNT11	0.873531742036079	5.06208221797109	3.56511408611078	0.00278882982790603	0.0228750605072731	-1.72913324171919
SOX9	-1.31282419243763	10.0500489356552	-3.56167648126503	0.00280864011407788	0.0229694226151706	-1.73594659712178
GPR4	-0.781048126826768	8.80601653267983	-3.56138974593876	0.00281029888025314	0.0229694226151706	-1.73651489337991
FGF7	-0.658023115941306	7.13597762111259	-3.56006732042419	0.00281796184577236	0.0229714688604137	-1.73913584977442
HIST1H1E	0.612075509161082	11.3505637094827	3.54984266213586	0.00287792157093026	0.0231739072935988	-1.75939869808286
LINC02202	0.614377664833585	5.56155221630213	3.54963014297518	0.00287918130830037	0.0231739072935988	-1.75981982757563
LUCAT1	-2.22751687389295	3.45706285580108	-3.5491711247893	0.00288190409022467	0.0231739072935988	-1.76072941660758
FOSL2	-1.04359201994389	12.6049536010097	-3.54710969731128	0.00289416382749961	0.0232398650522211	-1.76481425540491
LOC100147773	0.606704179585633	6.75299908275832	3.54500984018705	0.00290670586630915	0.0232764576744874	-1.76897510976559
TNFSF10	-0.671077241510844	12.0195663213124	-3.54161218239383	0.00292711491009806	0.0233338165471099	-1.77570725564437
LOC100192426	-0.58997859771418	6.77738202365944	-3.54153335495545	0.00292759011147399	0.0233338165471099	-1.77586344061078
HAO2-IT1	1.53362100305041	7.8461167663099	3.53807464531875	0.00294851680966492	0.0234353898507318	-1.78271616839497
LSMEM1	-0.91205955383023	7.89901514669645	-3.53752260273417	0.00295187075294086	0.0234403636869388	-1.78380989241093
DES	1.62882902646879	7.25388194377039	3.53576466045496	0.002962576651615	0.0234878767083044	-1.78729271625881
SUMO1P3	-0.612163684789655	6.73261844583227	-3.52939953535323	0.00300166688286996	0.0236437073135929	-1.79990240320361
RPS9	0.604476603243567	13.5120076402491	3.52869803416909	0.00300600651462789	0.0236437073135929	-1.8012920347591
MSRB1	0.589915660735221	11.6284773038582	3.5181077547708	0.00307228903899173	0.0239538179882187	-1.82226866236689
BCL2A1	-1.18110196472362	4.55874143757394	-3.51093243517877	0.00311802792173739	0.0241569845839203	-1.83647884568908
NPIPB5	-1.12525371068136	7.63782521812233	-3.49628571345641	0.00321352025376174	0.0246193187876245	-1.86547954262545
SLA2	0.895621061127107	6.91496929987439	3.49565519574124	0.00321769613414646	0.0246403254764584	-1.86672778727071
KLHL6	-0.723964162313042	8.22508722360948	-3.48836417812783	0.00326638037329517	0.0249686300421282	-1.88116074587197
DLL4	-0.68284614189553	9.89236836893908	-3.48754705564318	0.00327188226435371	0.0249771382608592	-1.88277814749425
CENPF	-0.960860889907254	6.53620242864066	-3.48403327639172	0.00329564728330204	0.0251141476347061	-1.88973295878186
NOL4	0.8705463574181	7.13761529406438	3.48020598361253	0.00332172924276709	0.0252011458312184	-1.89730771279335
GRIK4	0.669043099711985	5.029723088649	3.4787821202539	0.00333148509504152	0.0252366732172401	-1.90012557991558
LOC440028	0.854146062603197	5.89368933683833	3.47768967172583	0.00333898962561126	0.0252429378471201	-1.90228750807665
LOC100272217	0.604033370022117	6.81257896944251	3.47088909260599	0.00338608764204931	0.0254534252147749	-1.91574450896231
MB	2.56608372211512	2.91039379857342	3.46711820193744	0.0034124890106277	0.0256182661243453	-1.92320546936744
ASPM	-0.86868050702078	5.3321080534764	-3.46552990463363	0.00342367076776816	0.0256573739526071	-1.92634782978738
RPL8	0.601881045862292	14.276283995806	3.46442719683171	0.00343145546899388	0.0256709319891993	-1.92852940992356
PLXNA4	0.643991695069868	9.03016396135937	3.45610349403085	0.00349079143416774	0.0259005872213896	-1.94499507886656
MIR23A	-1.60255203882807	5.54345778997332	-3.45537551455788	0.00349602939226353	0.0259282559674823	-1.94643498874195
SUSD3	0.614636154974043	10.3451233149577	3.45451557946314	0.0035022269188909	0.0259453005798925	-1.94813586829472
PTPN5	1.15773846919309	5.50314252203806	3.44983953410565	0.00353611972815555	0.0261016672717461	-1.95738407360682
MBD6	-0.5872930815471	11.9010608104324	-3.44829883824069	0.00354735860325514	0.0261621503168825	-1.96043100473059
FPR1	-1.10172744060646	6.63200805322749	-3.44729734119022	0.00355468333349724	0.0261936871367138	-1.96241153626595
SIGLEC10	-0.747143024681697	6.1317874874545	-3.43769077055968	0.00362571590564253	0.0265038302452846	-1.98140668449856
THCAT158	-0.632821732256975	7.05175957854368	-3.43764243502098	0.00362607686840457	0.0265038302452846	-1.98150224701184
IGSF10	0.850208594592386	6.6234363627262	3.4363672593861	0.00363561267046844	0.0265600174452134	-1.98402330942636
SLC19A2	-0.599137081449934	10.2256241349995	-3.43371186688781	0.00365555023941781	0.0266512411175883	-1.98927283681187
TMEM217	-0.887086280038177	5.60880587356978	-3.42441261483463	0.00372623683034823	0.0269743847097042	-2.00765392192203
ESF1	-0.671998272095305	8.94298576884962	-3.42212931353566	0.00374380062672612	0.0270422320175122	-2.01216644006837
PLAC9	0.597222601982821	8.23117148695127	3.41898180938934	0.00376814769156474	0.0271369591425562	-2.01838643294681
SLC8A1-AS1	-0.901120067361301	7.71137767444799	-3.41853124239359	0.00377164589693779	0.0271369591425562	-2.01927678444794
SNCA	-0.595977254956773	7.94219376689783	-3.41839466804742	0.00377270690127833	0.0271369591425562	-2.01954666260267
PPP1R27	0.716088459255137	5.54344156370035	3.40854966969444	0.00384997969092672	0.0275548267921068	-2.03899819055441
TMC3	0.939528249425977	4.01819822974684	3.40409731950389	0.00388544266410467	0.0277158350933892	-2.04779325887814
HCAR2	-0.720855318669742	7.69692081431993	-3.39718603379996	0.00394113775470384	0.027950685586806	-2.06144339389313
PRR36	-1.00450186977818	7.96302682360853	-3.3964085817505	0.00394745253165643	0.0279575522376582	-2.06297872645408
HPSE	-0.846370575118267	7.51167127273349	-3.3948441088271	0.00396019041294226	0.0280279703690279	-2.06606818050983
SSB	-0.641855169314619	9.96543854417466	-3.39204693086159	0.00398306719910101	0.0280984698734316	-2.07159156653247
RASL10B	0.798077117376236	7.03035662603761	3.39202673981678	0.00398323281026998	0.0280984698734316	-2.07163143464376
ANKRD22	-0.716381059421411	6.59486225544536	-3.37939664964361	0.00408818467417582	0.0285509047756286	-2.09656527421794
SERPINE1	-1.76932793184204	8.79087293050948	-3.37930073183973	0.00408899217737939	0.0285509047756286	-2.09675459404042
GADD45A	-0.612340072965864	11.3169584532412	-3.37689715893456	0.00410927913190107	0.0286117717190389	-2.10149851042272
LINGO4	0.62845233795241	6.4942848021951	3.37428543345214	0.004131436718466	0.0287211816397319	-2.10665284588322
CEP290	-0.585427372447862	9.87702621990829	-3.37425702756039	0.00413167836437484	0.0287211816397319	-2.10670890358449
WSCD1	0.78873873866937	10.2318044601864	3.36522457569288	0.00420923524394656	0.0290231421973076	-2.12453141678582
BIRC3	-1.20562698017586	9.19021668924889	-3.36344260128166	0.00422470659482147	0.0290854800181939	-2.12804692418056
PPP1R1A	0.951529723606845	10.8930997819706	3.35950501616755	0.00425909446876066	0.0292753117404733	-2.13581431756386
CSNK2A3	0.7353867049721	7.28425785929155	3.35853671941674	0.00426759346724861	0.0292985721698762	-2.13772425100714
MMP25-AS1	-0.733061243526018	7.54705027830876	-3.35681904922415	0.00428271150375956	0.0293788880162093	-2.14111214585414
EDAR	0.601164496480795	8.36630892598845	3.35563426762468	0.00429317041100314	0.0294036828787079	-2.14344886847866
KLF9	-0.604156334885911	12.3709133704588	-3.3541607477635	0.00430621371994075	0.0294343582193564	-2.14635493318625
SULT1C4	-0.642713801051135	9.88977476767505	-3.3534355234253	0.00431264774969454	0.0294666158770382	-2.14778516162411
MYLK2	1.677253502698	2.72779257581925	3.34410821412274	0.00439625596920564	0.0298244226509395	-2.16617653969494
LOC100506175	1.05893172975943	6.78348386649644	3.32926590375935	0.00453263901986186	0.0303619036153273	-2.19542979617355
EEF1A2	1.5156385276795	5.16166396213582	3.32293665142064	0.00459207031703694	0.0306090521054937	-2.20789955441565
TMEM200C	-0.610505950099649	7.69201350886164	-3.31688909969994	0.00464958057240043	0.0308264642126528	-2.21981156254162
PCDH18	0.68622317156596	9.72417856857651	3.30819062124613	0.0047335587400294	0.0311388312023524	-2.23694036053352
FAM134B	-0.683423301976964	10.9716985190308	-3.30720236663967	0.00474319460812208	0.0311388312023524	-2.23888603985503
CHST6	0.717892200351624	4.69664744383907	3.3065214013883	0.00474984563265125	0.0311650810811299	-2.2402266831647
BRE-AS1	-1.29371712242488	7.75115327032419	-3.30041058428551	0.00480994679907337	0.031379698479604	-2.25225568838607
DSCAML1	0.600943904303145	10.9398296539517	3.29797594116156	0.00483410208949071	0.0314572868019012	-2.25704741816007
MIR554	-1.03158881090733	5.48807919742456	-3.29789118262231	0.00483494518907663	0.0314572868019012	-2.25721422684446
HIST1H2BE	0.725179970476691	7.81209765779098	3.29773645823346	0.00483648462119548	0.0314572868019012	-2.25751873006566
SCD	0.868368551046089	11.6147575933461	3.28816662916706	0.00493265267233381	0.0317820410653859	-2.27634880960508
GPR37	-0.78086863156942	5.5870140039541	-3.28265390287633	0.00498891060280659	0.0319885969397867	-2.28719258596014
ITPRIP	-0.978247198028367	10.8706895094735	-3.28022112361207	0.00501393964525127	0.0320350286020364	-2.29197718142455
THBD	-0.844960931069297	10.0426068573189	-3.27704317155613	0.00504682319131509	0.0321678819434564	-2.298226588389
GNLY	-0.90104766529462	5.95265369798305	-3.2612461642204	0.00521348657141834	0.0327710950661787	-2.3292786491948
OLFM2	0.814123889505322	7.02270833642803	3.25409686425498	0.0052906988999418	0.0331375853194745	-2.34332494090874
PRIMA1	0.646677714553785	6.74587680461763	3.25304639844867	0.00530213913415797	0.0331906601907482	-2.34538842350765
KDM6B	-0.84734550062757	12.5901470838991	-3.25106947882882	0.00532373564164366	0.0332451686174829	-2.34927152183172
PER1	-1.02271542572541	12.846872507728	-3.24921768705227	0.00534404437402407	0.0333086900700869	-2.35290852810017
GFI1	-0.599558193806409	5.71114577628359	-3.24332484618852	0.00540918443186617	0.0335807172244177	-2.36448030886742
ADAMTS19	-0.74633002350788	8.09182422813052	-3.23904638795459	0.00545697187168575	0.03374509412172	-2.37287996355312
NUAK2	-0.604893386709385	11.5753365164671	-3.22060784313489	0.00566775311207375	0.0345237150474375	-2.40906001273673
FAM71C	0.79263964058669	7.35662422853787	3.2043377286806	0.00586043507822819	0.0352858151311399	-2.44095835421649
TTC24	-1.31827894576479	3.1158380462191	-3.20414301656474	0.00586277985050075	0.0352875688094588	-2.44133994032762
LOC100506804	0.612520688228988	6.49571398229032	3.20225478485013	0.00588556666022548	0.0353679828696316	-2.44504019867248
MYLPF	0.748499614528629	3.86477928049942	3.20188742670261	0.00589001004750121	0.0353679828696316	-2.44576004811593
NRARP	-0.96399838546755	8.96034667438957	-3.20129623799981	0.00589716775737114	0.0353953652611477	-2.44691847219835
MYADM	-0.798059846044088	10.848201445307	-3.19599968116813	0.00596168033292929	0.0356208326985595	-2.45729542890192
NPIPB3	-0.88861399717889	9.30781027771807	-3.19465146324954	0.00597821302376658	0.0357042569244749	-2.45993639366167
CIDEC	3.19836279963847	2.16047951913612	3.18792178048148	0.00606141773901452	0.0360544093475867	-2.47311612062543
CLNK	-0.645389019061255	10.3036226432903	-3.17981712676296	0.00616314491457381	0.0363943237842049	-2.48898249551651
FCGR3A	-0.594722059118262	8.15985850425514	-3.17612103040256	0.00621009632069069	0.0365826089738983	-2.49621603034355
CYP2S1	-0.919227713893303	6.5367958259477	-3.17415073814348	0.00623526930035551	0.0366573627418666	-2.5000714530214
P2RX5-TAX1BP3	0.682519552994922	6.31057022277406	3.16969968657152	0.00629250929389422	0.0369046005823476	-2.50877965890854
MIR200B	0.691963167290339	6.0370768389608	3.16908769802843	0.00630041992696536	0.0369132001448935	-2.50997681199195
PHLDA2	-1.20718983986153	5.81236352461299	-3.16529633987287	0.00634964711298798	0.0370896177282097	-2.51739245791404
VNN1	-0.684146006273144	11.0291966451102	-3.15657387558305	0.00646434862382456	0.0374901676516373	-2.53444713681803
GREM1	2.4457769155167	3.21384654294263	3.15401815385409	0.00649834301566837	0.0376491997239532	-2.53944266494053
ADAMTS1	-0.722471614031797	12.042349117284	-3.14997401393113	0.00655249662672675	0.0378099738192318	-2.54734605220705
LOC102724050	-0.7592037656129	5.26522231983379	-3.14650039806275	0.00659936642310607	0.0379784034208489	-2.55413302700852
KCNS1	0.71068709477634	4.91331085436527	3.13665452517133	0.006734025187989	0.0385083157505501	-2.573363170338
ACTA1	2.60783275997781	4.28312929487803	3.13453557025977	0.00676335842372471	0.0385713414806723	-2.57750030000597
NR1D1	-0.816200238267623	9.96809142355793	-3.12950789976439	0.00683346359282641	0.0387860171443135	-2.58731445791288
HCRTR1	0.662509195826899	5.85415632822253	3.12415226412525	0.00690893115064419	0.0390162461013361	-2.59776559706798
ZNF804B	-0.670411096638819	8.45877507330905	-3.12332214775019	0.00692070193772376	0.0390687720426561	-2.59938521048457
SQLE	-0.632312243609137	9.60365612332587	-3.1216155688197	0.00694496290013096	0.03915427902751	-2.6027146082932
HIST1H3D	0.631219409282616	8.38783060571623	3.11910719864063	0.00698077468048959	0.0392392844876322	-2.60760761479423
CRIP3	0.658053670125026	8.49494481740093	3.1140914665352	0.00705293127044648	0.0394456972885892	-2.61738942962393
PCDHB16	-0.607741244230456	8.08901012081867	-3.10856719878519	0.00713325548847144	0.0397335048019103	-2.62815953196947
ZNF100	-0.738714559836128	8.35061490908025	-3.10767358610112	0.00714633336479563	0.0397701183089757	-2.62990137306258
LINC00861	-0.595234139935991	6.20604810623948	-3.09922445582816	0.00727115975366045	0.0402173196744958	-2.64636573562033
GRIK1	-0.627240516831781	7.69616765976465	-3.09903772794569	0.00727394259475866	0.0402173196744958	-2.64672950370882
DHRS4L1	0.607141723175995	7.6146769849697	3.0972419349123	0.0073007593128988	0.0402792850786143	-2.65022770302792
NFKB2	-0.66113255711692	11.0271461848029	-3.09692500854276	0.00730550210883163	0.0402881091906812	-2.65084503342082
HIST2H3D	1.04947345448117	5.72472195803361	3.09556288783725	0.00732592082359118	0.0403618542586056	-2.65349812224327
LOC105747689	-0.852706018558252	7.03431478349303	-3.09175975804867	0.00738322953360217	0.0405946257080592	-2.6609045034234
HIST1H4F	1.07101690555584	7.01809326928577	3.08879625564395	0.00742819219009713	0.0407684620231968	-2.66667451007654
XRCC4	-0.591242876368325	7.55348864073627	-3.08506718109913	0.00748515383271338	0.0409763884872082	-2.6739335402264
CKM	1.41583160192112	5.65623572885868	3.08463408744964	0.00749179717825734	0.0409996951309472	-2.6747764885157
SNAI2	0.648773643819194	9.13622334702731	3.08400371031196	0.00750147709545185	0.0410202604445564	-2.67600337561378
PTP4A3	-0.61750561536857	10.0201257888098	-3.07709887597263	0.00760831618071252	0.0414158792707808	-2.68943878101556
TRAF1	-0.695038052192368	10.3979724912161	-3.07689315838632	0.00761152215720184	0.0414158792707808	-2.6898389724563
HABP2	-1.3691390646956	10.280224675003	-3.07399651415777	0.00765680604057264	0.0415717393368721	-2.69547336530053
ERVH48-1	0.646047565511472	9.03856142876201	3.06391750848873	0.00781645096131328	0.0421200602813463	-2.71507003798213
RBM44	-0.697297722093146	5.92188350810786	-3.06040183015622	0.00787290443069503	0.0422880378556448	-2.72190247184967
C17orf82	0.666119352203373	6.01402744188262	3.05491364525394	0.00796183494206523	0.0425953211844486	-2.73256504642911
CDH19	-0.925915927250091	5.13193151803535	-3.05085255950264	0.00802827647977203	0.0427378881748459	-2.74045243664627
LRCOL1	0.743994057902493	4.58022619589901	3.04990578669168	0.00804384444263493	0.0427677669870788	-2.74229092926116
MIR645	0.941461418088303	6.07061700649925	3.04895541168833	0.00805950150914035	0.0428112747861106	-2.74413629553009
CHI3L1	-0.854546260296942	10.0674168900764	-3.04769578749181	0.00808029955387133	0.0428728578774868	-2.74658195088964
B3GALT5	0.894225240567793	5.38433874001386	3.0363076030149	0.00827074572362988	0.0435430436626397	-2.76868318405062
USP12-AS1	-0.729358381652361	6.08420131432145	-3.03178672662032	0.00834756694035644	0.0437998749017054	-2.77745198508578
FBN3	-0.626317122319035	9.86981645614089	-3.03044514623869	0.00837049848600326	0.0438800018253447	-2.78005360142388
SLC17A7	0.810142292354182	4.8343985607784	3.02841103297803	0.00840538562755854	0.0439978482146245	-2.78399771137959
PP14571	-1.01552892029046	6.25108308516229	-3.02654493032576	0.00843751689839735	0.0440968036441789	-2.78761554311385
APBB1IP	-0.810402443348076	8.9741684217891	-3.02008835967711	0.00854962275525623	0.0444762034302481	-2.80012918284109
ATP8B3	-0.595470204046878	5.60964395120355	-3.01429980839977	0.00865137318393134	0.0446950144199525	-2.811343093227
ICAM4	-0.74097996889832	5.99577459589151	-3.00776662945505	0.00876764187753681	0.0451492831955626	-2.82399377002922
SAMD13	0.620235984897303	5.47986131092314	3.00030133377843	0.00890237828901424	0.0455835722641301	-2.83844179902255
S100A4	0.785875073581909	8.73774734965933	2.99455169643396	0.00900753354531374	0.0459182853625344	-2.84956384339108
SCARNA10	0.785282650507456	13.5628909322807	2.99352959092723	0.0090263540554735	0.0459854337649738	-2.85154048321425
LGR6	-0.945602992698756	7.00367212414998	-2.99325789403704	0.00903136342749779	0.0459909289472941	-2.85206588908896
APCDD1	0.860285294704521	7.9020217911856	2.99259022041378	0.00904368515583158	0.046019154787625	-2.85335698589811
THRSP	1.03801522114999	6.37084967751252	2.99072536766464	0.00907818793735807	0.0461323255751897	-2.85696274593706
C14orf132	0.595416658129091	9.67184895110001	2.98781210259118	0.00913234668614985	0.0462920111767989	-2.86259461037096
ADIRF	0.92060874783126	12.1134214647821	2.98168730460985	0.0092472448854146	0.0466353611334597	-2.87443078875667
HOXB-AS3	0.63313747190883	9.70646540693871	2.9797018809021	0.00928479387893811	0.0467237757307926	-2.87826640580828
ADIPOQ	3.51575725548057	2.38584107648607	2.97836858933548	0.00931009341482598	0.0467928181457648	-2.88084184034065
MEFV	-0.808010736377303	5.8997274455382	-2.96570963649765	0.00955369245617007	0.0475962345314443	-2.90528076502001
ESPNP	0.668447271382023	10.2780442548692	2.96545899915105	0.00955857805912559	0.0475962345314443	-2.90576438674941
POM121L10P	0.728768495072825	7.34832073090544	2.9631941006058	0.00960283826444699	0.0477889292604277	-2.91013421825605
EDN2	-1.41794830434729	5.55830222199116	-2.96110792543448	0.00964378354021378	0.0479371641177419	-2.91415851743171
CD86	-0.766259803531039	7.09657846369715	-2.96076794609917	0.00965047249210066	0.0479565411521856	-2.91481428398729
AKR1B10	-2.37283045700173	6.61991535014172	-2.95776086027299	0.00970983390681122	0.0481957786986262	-2.92061368869099
FAM27E3	-0.820997357772597	6.71966276312004	-2.94571209799885	0.00995129105290166	0.0491038833672467	-2.94383633061372
CTGF	-0.660971393192284	12.8587357357244	-2.93803831901987	0.0101081278630136	0.0495572237369546	-2.95861455630518
ZNF192P1	0.640289450075871	6.19887524026726	2.9333585249335	0.0102049584462458	0.0498754283106621	-2.96762224929468
