id	logFC	AveExpr	t	P.Value	adj.P.Val	B
FOS	-2.04784915547874	6.06404851017875	-15.4361456891558	6.27517773229655e-23	2.1159899313304e-18	41.4048361639027
MIR4521	2.19420783863855	4.44079872670293	14.7560763618167	5.706439987102e-22	9.62105781825397e-18	39.3032206282687
RP11-342M3.5	0.795982544254005	8.2656671423978	14.0934413261587	5.18603771214554e-21	5.82910638845159e-17	37.1945065724431
CXCR2	-1.08072996967418	4.18983679129146	-13.5656624303957	3.130623827526e-20	2.63911588660442e-16	35.4714468192537
DUSP1	-1.03023307382883	7.508856895121	-13.1877764582165	1.15931031138329e-19	6.51532394997408e-16	34.2139717194618
MIR4256	1.92092587008629	5.65414886242709	12.2711955335013	2.99393140720882e-18	1.26194208813852e-14	31.0818692427183
VTRNA1-3	1.80258221289774	6.01592546456575	12.0014172171302	7.95520218695822e-18	2.68249417744231e-14	30.1381332330683
PDK4	-1.58468932076621	7.29611781659729	-11.9412853561524	9.90346927010257e-18	3.03586348898053e-14	29.9264468542953
SNORD3D	-1.45017680538452	7.36009760749258	-11.6476147859095	2.90535753877684e-17	7.53605047750424e-14	28.8857122717226
CXCR1	-1.3227101758103	4.66968526182547	-11.4810370473945	5.37482719866413e-17	1.23790907754307e-13	28.2903417952975
HIST2H2AA4	-1.06151932287883	7.79945451168323	-11.4653836798708	5.695672898705e-17	1.23790907754307e-13	28.2342093298638
SNORD3B-1	-1.48376867273728	7.47780244478345	-11.4407173641074	6.24094137551372e-17	1.23790907754307e-13	28.1456924800793
MIR1254-1	0.93757497169033	7.71600460032289	11.3967814568962	7.34601488435585e-17	1.37615345500266e-13	27.9878310686544
SNORD3C	-1.45698018361603	7.3143868018521	-11.3763149789907	7.92624254190035e-17	1.40669946585726e-13	27.914210426939
LOC613037	0.808318262013882	9.55775472789708	11.0092356786841	3.12519502227275e-16	4.58180765874075e-13	26.5847556221462
NFIL3	-0.798732842442091	5.06955322003124	-10.9860486428767	3.40989989987142e-16	4.79090935931935e-13	26.5002130426039
SNORD3A	-1.42164666417084	7.9340217597255	-10.8781410678197	5.12044091270869e-16	6.64081798371296e-13	26.1059016201293
HIST1H2BD	-0.808249548400468	4.16527510386527	-10.822894199538	6.30854033881996e-16	7.87866593425959e-13	25.9034719273948
NPIPB5	0.710579473722316	9.8840077420732	10.8050886035201	6.74787997955167e-16	8.12637546108865e-13	25.8381519725229
VNN2	-1.18852746559147	5.40656106267462	-10.7450750049877	8.46894422079909e-16	9.84733790087398e-13	25.6177111976005
PFN1P2	0.861956822815579	6.68571086968812	10.6107011692307	1.41049030628423e-15	1.44126464023953e-12	25.1225788959057
MIR1285-2	0.708589064331923	8.9908011797006	10.5520932333183	1.76305755622259e-15	1.67339651023192e-12	24.9059600262174
NPIPB8	0.599536503229748	7.61936587165046	10.5414302622192	1.83617054800063e-15	1.67339651023192e-12	24.8665060634385
RNU5B-1	-0.979631984592691	3.37285177842109	-10.478102317489	2.33790384475522e-15	2.07458204329332e-12	24.6319167008421
HSD17B14	-1.01007296311056	6.33783034167398	-10.4451720186483	2.65127831049016e-15	2.25591160379638e-12	24.5097494004961
DANCR	-0.63835842791543	6.55476096046138	-10.3828230197511	3.36530649716088e-15	2.75186995138735e-12	24.27810501034
NPIPB3	0.633190024815544	10.0911722802915	10.3151518516202	4.36150435012576e-15	3.34249833377819e-12	24.0261924471882
UNC5B	0.703019146333031	7.19559796846211	10.2065568448001	6.61883689818164e-15	4.85189522188446e-12	23.6208766771041
NPIPB11	0.878148079854842	9.03702549714864	10.1776312617314	7.39810647146982e-15	5.19716979620755e-12	23.5126986403277
RNA5SP195	1.80906932967279	7.60630145488953	10.1446778381287	8.39915349314954e-15	5.77600286018141e-12	23.389346906482
PROK2	-0.620013061881088	4.66546042490416	-10.1396135360801	8.56465430038762e-15	5.77600286018141e-12	23.3703797938005
ANKS1B	-0.591382060804451	4.48949512439073	-10.0400177343811	1.25774982558016e-14	8.00213662614394e-12	22.9968136110711
SPDYE3	0.723711286877153	6.37055985603921	10.0288945255265	1.31298276371243e-14	8.19884792451541e-12	22.955027514077
SNORD66	-1.57115543688306	4.07908904188671	-10.0184095081822	1.36728085362709e-14	8.38267461532826e-12	22.9156270556769
RNU6-199P	1.30952272967379	5.4840449402709	9.95550819847604	1.74394615330548e-14	9.985356516376e-12	22.679017986282
SPDYE8P	0.711068773611398	6.06472187168015	9.95352356196012	1.75739752445524e-14	9.985356516376e-12	22.6715459569787
LOC100190986	1.30696808028241	7.57442556777605	9.88864524625896	2.25967468318045e-14	1.2289714567233e-11	22.427062143408
MIR503	1.17899750713993	5.20655710135439	9.86952019503319	2.43367414013546e-14	1.30259511119631e-11	22.3549110912997
SMG1P2	0.739884482396874	7.73842386844446	9.83892484832517	2.74051415144653e-14	1.44390839354339e-11	22.2394110917313
S100A12	-2.07604373675977	4.43725393491669	-9.80611970688879	3.11292527024405e-14	1.59042181988832e-11	22.1154655578655
NPIPB4	0.641937394028727	10.1790614255778	9.72963806930965	4.1912935154071e-14	2.04826691796416e-11	21.826089962877
MORN2	-0.73793546798714	6.20019734824897	-9.71780881856789	4.3888297191699e-14	2.11416197329156e-11	21.7812822184248
NEBL-AS1	-0.7235863025898	5.23970620001291	-9.66139550566332	5.4677247646577e-14	2.56071776478136e-11	21.5674116086192
G6PC	-2.61340349490766	7.10873217031614	-9.63283299505061	6.11202116818585e-14	2.78509937555712e-11	21.4590124134268
LOC145837	-0.793495251434368	4.88720050865188	-9.58806770189015	7.27896500191621e-14	3.21944867618703e-11	21.288968008299
MIR548AI	0.66088733477403	10.4164391636134	9.55682841550054	8.22376129283634e-14	3.51019279486635e-11	21.1701937001604
RNU6-212P	1.34344115231485	5.47033004826408	9.43842180760032	1.30703930229324e-13	5.06590405440552e-11	20.7192032671743
ZFP36	-1.35275103196474	8.33339157727772	-9.41544789291792	1.43017480904501e-13	5.41859489449414e-11	20.6315561592121
SMG1P1	0.830464924395514	7.90560398564692	9.38689704903036	1.59958542446796e-13	5.95191064312551e-11	20.5225691018913
SMG1P7	0.701464821264108	7.1306589508567	9.385838695185	1.60623923049947e-13	5.95191064312551e-11	20.5185277058004
MIR548AD	0.675746776668104	10.7960927469184	9.2065671044678	3.24889648805399e-13	1.07404695663902e-10	19.832618661504
JUN	-0.662290712902529	6.45415872131435	-9.19901009705282	3.34699844383493e-13	1.0845128024526e-10	19.8036475709786
HMGCL	-0.616565481510801	5.83626151709206	-9.19194789646667	3.44136624740296e-13	1.0845128024526e-10	19.776569338576
SPDYE2	0.897041991497896	6.95646640442176	9.18608707439497	3.52170779459733e-13	1.09290817571606e-10	19.7540945145214
MIR30A	1.24268536831583	3.72207556471926	9.12250239012361	4.52437440902281e-13	1.35010535462167e-10	19.5100913944731
SMG1P5	0.797440114753602	7.15979320841452	9.04329064747193	6.18417627477243e-13	1.75235650407837e-10	19.205691988978
S100A8	-1.20920448542269	5.78482317022084	-9.02564294773487	6.63049489655572e-13	1.84350618720824e-10	19.1378114723082
PTPRD-AS1	-0.617733718419204	3.33147728414178	-9.02414403540567	6.66986224316149e-13	1.84350618720824e-10	19.1320449837116
AC004878.8	1.12381987318639	5.55000953699731	8.98990470534774	7.63593107149192e-13	2.01737137002197e-10	19.0002785190568
SPDYE6	0.915198652614045	7.00283187069402	8.9731726664855	8.15796924138956e-13	2.11605171399735e-10	18.9358567914757
CYP27B1	-0.774901721380037	5.26075984794758	-8.94966606711845	8.95249732152775e-13	2.269760975052e-10	18.8453185876136
GSTA3	-0.831659256849654	3.54832474098257	-8.8535826599687	1.30944500520323e-12	3.02427983393514e-10	18.4748523633355
RP1-149A16.12	0.626386485811179	7.43731016670253	8.84878736434327	1.33455303274883e-12	3.06130124246874e-10	18.456347250526
SPDYE1	0.670397915080683	6.37774840263273	8.82230552004014	1.48217473265303e-12	3.28808763059606e-10	18.3541267711566
PTGS2	-1.66997291884849	4.74771055029988	-8.80896076488888	1.56266869192038e-12	3.36200860125448e-10	18.3025987920149
RP11-1018N14.3	0.641832375797555	6.59288517517937	8.73064799192328	2.13178371145263e-12	4.49273417188643e-10	17.9999878572936
SAT2	-0.844949664365905	7.55438382943909	-8.70111085675842	2.39692460470454e-12	5.02014271246192e-10	17.8857565789943
RNU11-2P	1.572952891996	6.56077260061393	8.68924473888035	2.512541468077e-12	5.17022112549275e-10	17.8398514724813
RNU6-795P	1.17343793355167	7.19423566324198	8.59174060713894	3.70126382767768e-12	7.21425527568158e-10	17.4623485752674
LOC101928020	0.678819922440029	5.15922725148298	8.5719928609222	4.00359228070427e-12	7.75868573019242e-10	17.3858292980359
RNA5SP187	0.864130695960204	7.75353881485378	8.49570326684244	5.42329629750286e-12	9.83191135224713e-10	17.0900326797948
CDH10	-1.18059808699679	3.69333580031471	-8.45421049058365	6.39742480155001e-12	1.12943017962443e-09	16.9290341596614
RNA5SP312	1.88484048563711	6.22810043733878	8.44988642484013	6.50853961122375e-12	1.1312781221158e-09	16.9122514760062
RNA5SP315	1.88484048563711	6.22810043733878	8.44988642484013	6.50853961122375e-12	1.1312781221158e-09	16.9122514760062
RNA5SP313	1.88484048563711	6.22810043733878	8.44988642484013	6.50853961122375e-12	1.1312781221158e-09	16.9122514760062
ERVMER34-1	-0.657601935796077	5.13790887184393	-8.42231644981662	7.26396310878135e-12	1.2433544976046e-09	16.8052261439459
RP11-328D5.1	0.863907121572343	4.07567379525343	8.42096855358702	7.30307180032645e-12	1.2437352581162e-09	16.7999928002719
S100A9	-1.48634442217589	8.09270775276162	-8.32856987469507	1.05545541161104e-11	1.7446057097806e-09	16.4410603652101
FCGR3B	-0.845712438101303	6.24672947969916	-8.30907648114	1.14077597123477e-11	1.85475621475915e-09	16.365291765995
TREM1	-0.945149509064996	4.24309823597744	-8.29425499913692	1.21024640315937e-11	1.93409993907744e-09	16.3076725666851
HBA1	-1.57568700378004	9.75953651102061	-8.28206908759139	1.27052914519766e-11	2.01137290028474e-09	16.260293075213
RNU4ATAC12P	1.13554664820607	5.6151020759909	8.24663733374547	1.4634564074998e-11	2.29524418887876e-09	16.1225016836564
RP3-467L1.4	0.631768009696314	6.70103011561454	8.16686662291218	2.01220595927401e-11	2.97964637614931e-09	15.8121226212409
HIST1H1E	-0.630941379823984	9.61282173176992	-8.16545950734768	2.02354395058776e-11	2.97964637614931e-09	15.806645865133
RNA5SP311	1.77613427980872	6.47166518007462	8.1533267437479	2.12399891316998e-11	3.04771248306773e-09	15.7594204098625
RNA5SP314	1.77613427980872	6.47166518007462	8.1533267437479	2.12399891316998e-11	3.04771248306773e-09	15.7594204098625
RNA5SP317	1.77613427980872	6.47166518007462	8.1533267437479	2.12399891316998e-11	3.04771248306773e-09	15.7594204098625
SPDYE5	0.62659492760244	6.55325768925979	8.14641825165003	2.18341572518131e-11	3.1094415024895e-09	15.7325279020722
GUSBP3	0.667064994310435	6.98196502102275	8.1461837472484	2.18546155424084e-11	3.1094415024895e-09	15.7316150282574
ERRFI1	-0.898914139158574	8.25782644755477	-8.14361252572499	2.20801939253409e-11	3.12104362990721e-09	15.7216057256992
C1orf132	0.60300544684543	5.6417672125628	8.14314709172953	2.21212760245499e-11	3.12104362990721e-09	15.7197938543391
CA2	-0.825791849139234	6.79737991067089	-8.11649246673438	2.46063368207924e-11	3.39505602144449e-09	15.6160206918974
AQP9	-0.970405815378895	4.35263473311027	-8.11587079341968	2.46675185425238e-11	3.39505602144449e-09	15.6136001236062
RNU6-1190P	0.820897290748366	5.63269982741049	8.09563736277006	2.67441998079905e-11	3.60725767010176e-09	15.5348128345984
LOC727944	-1.52761098525515	5.91565087150176	-8.09141218969731	2.71994872048574e-11	3.63955043074521e-09	15.5183589887742
SLC6A6	0.777035132149829	7.4405950308974	8.08939654466444	2.74194121772964e-11	3.65447659532978e-09	15.5105094154603
RNU6-1091P	0.625303095027911	4.57906403638671	8.0595379586367	3.0893871014379e-11	4.03775709536768e-09	15.3942183575969
MIR548D2	0.709244688093491	7.40780812151875	8.05402879671516	3.15815588105861e-11	4.11169947140141e-09	15.3727592737793
MIR548AA2	0.725121518681599	9.27122120949153	8.00119416725153	3.90072022753164e-11	4.8715661508284e-09	15.1669245537305
GUSBP2	0.607838290230421	7.00802554632034	7.98884376855966	4.09813978507393e-11	5.04340414425886e-09	15.1188008807978
A1CF	-1.41787091422897	4.97654463322513	-7.98091847286384	4.23006355621046e-11	5.13085406889988e-09	15.0879181440313
MIR548O2	0.798018299681438	7.8805405635413	7.97918051770015	4.2595572102378e-11	5.1481100046315e-09	15.0811456386381
MIR103A2	1.026654694234	5.56434404237728	7.94395195250395	4.90384178071389e-11	5.84302278606616e-09	14.943854044701
CMTM2	-0.677008457481125	4.54121166323863	-7.92428441760952	5.30508302246875e-11	6.27675086026829e-09	14.8671970062596
KIRREL-IT1	0.756139916731093	6.40724880485717	7.91163378443737	5.58037689031327e-11	6.5793814245232e-09	14.817886088227
EMP1	0.89962316083208	7.49181198791073	7.90547170520534	5.71960608394203e-11	6.67353346541609e-09	14.7938660348531
ITPKB	0.606883337236805	4.94582701513506	7.89594880028726	5.94164188369323e-11	6.81469946660325e-09	14.7567442508307
RNU6-677P	0.704000268380488	6.71845215731745	7.88818520499778	6.12902701430071e-11	6.99211497364741e-09	14.7264795909941
RNU6-1060P	0.613412100917647	7.1926016920847	7.86548066944137	6.71167128907188e-11	7.46922626625425e-09	14.6379664189015
RNU6-188P	0.723997345330722	5.62429107748219	7.81296070717255	8.28080266536178e-11	8.94963672679485e-09	14.4331959028691
RBM5-AS1	0.757071264517661	6.55850047355742	7.79029165410015	9.06690532105046e-11	9.70590626748639e-09	14.3448034513992
BRE-AS1	-1.80900924589212	4.40486743818983	-7.75268973621256	1.05389052159542e-10	1.09682680210486e-08	14.1981762561753
RNU5A-1	-0.682844936091989	3.25312290765003	-7.70163726612826	1.29273656435955e-10	1.28967683284627e-08	13.9990894821669
MED11	-0.608067460298151	6.53036895989159	-7.68549967727626	1.37896618136945e-10	1.34778955466022e-08	13.9361574999894
AKR7A3	-0.854548773129943	6.30401589170177	-7.65878958543035	1.53451288860786e-10	1.48147289499923e-08	13.8319959246025
ANGPTL1	-0.654884985570193	4.30045754145746	-7.55784791094975	2.29819155894479e-10	2.06103774913879e-08	13.4383760999617
LOC100272216	0.711746770635115	5.56781125640225	7.54702698809643	2.39988171469205e-10	2.11362203457638e-08	13.3961843227226
MIR103B2	1.1062268325097	6.10954904678958	7.54501994730478	2.41923165021544e-10	2.1188699024744e-08	13.3883588093725
MAOA	-0.716086065754932	6.52493768894939	-7.54435814020646	2.4256462802561e-10	2.1189842634776e-08	13.3857784120774
GOLGA8A	0.644373015629231	7.34254738239274	7.53630190416069	2.50510883931566e-10	2.15490484851337e-08	13.3543673676463
SAMD5	-0.70776736453237	4.62528331462342	-7.51425713723107	2.73610165869964e-10	2.31812431988321e-08	13.268419063108
RNU6-1127P	1.02838370037014	4.16401819382074	7.50117363725073	2.88313970130001e-10	2.43048676819591e-08	13.2174117782986
GUCY1A3	0.702611215916958	6.66560718726416	7.48071994774994	3.1289882994308e-10	2.61810137609942e-08	13.1376756949589
RNU6-1248P	0.838872744746734	6.52713573455339	7.4755485629992	3.19439719398435e-10	2.65963144150994e-08	13.1175166664935
GUSBP9	0.752721076246842	7.0330118925663	7.4731261713353	3.22550437228978e-10	2.67232412341487e-08	13.1080738675469
GDF15	-0.765397283723729	5.37269378408064	-7.47176013530355	3.24317964022e-10	2.67383905790265e-08	13.1027489202917
PRINS	0.738273392945501	4.79499995540285	7.46198160417805	3.37256314976599e-10	2.76026284975993e-08	13.0646320632701
SMA5	0.705760660586251	6.44943057855774	7.45998638774619	3.39958960046518e-10	2.76894109487164e-08	13.0568548677838
PER3	0.665054478757549	6.73017271883147	7.45347738377164	3.48927182959356e-10	2.8215406737145e-08	13.0314837402534
HBA2	-1.28070885857996	10.203030478232	-7.39814800828742	4.35361737393663e-10	3.39485082741576e-08	12.8158488945258
RNA5SP320	1.17745520413256	4.43576827819517	7.39030363140234	4.49236958460158e-10	3.48236097454633e-08	12.7852819525677
PAIP2B	-0.782737303841016	5.4983407768233	-7.38574034561768	4.57510883405164e-10	3.53836398817022e-08	12.7675009463106
SMCO3	-1.07078331721304	6.86083690412271	-7.36725842385798	4.92607448019515e-10	3.77516435164047e-08	12.6954902277838
RNU6-171P	1.19354348741511	6.23184218483341	7.36491855970833	4.9723841753396e-10	3.80201347828688e-08	12.686374024261
FPR1	-1.24683888594029	6.01485969085221	-7.35664529869127	5.13963998491833e-10	3.9033482047623e-08	12.6541421124544
RNA5SP310	1.55243621133426	5.9486439806168	7.35072668461709	5.26273010630103e-10	3.9700057983103e-08	12.6310847162732
RNA5SP316	1.55243621133426	5.9486439806168	7.35072668461709	5.26273010630103e-10	3.9700057983103e-08	12.6310847162732
RNA5SP20	1.0500685281022	5.77783423303486	7.34093581654537	5.47284916098055e-10	4.09189520417437e-08	12.5929439207548
SLIT3	0.799867397927225	7.26139393065696	7.33294649047418	5.65049835369844e-10	4.21537178067945e-08	12.5618229217224
ATP13A3	0.6616578681765	8.14410253214743	7.32320398617156	5.87494207133740e-10	4.33485878874173e-08	12.5238749840002
RP11-206L10.4	0.743445746329001	5.45970190546774	7.26022664306878	7.55673578490321e-10	5.39858327684187e-08	12.2786371922668
RP11-477J21.6	0.64227382788254	5.29561423282138	7.24976149048919	7.87948604163821e-10	5.57449061495634e-08	12.2378969248241
MIR5047	1.03713040218709	8.21920161129318	7.24325051958107	8.08719455019746e-10	5.68125417151372e-08	12.2125518724463
GSTA5	-0.62002391697157	4.37651209349848	-7.21874697061532	8.91907801666266e-10	6.10043226616359e-08	12.1171804904824
LOC100506123	0.74681517676086	6.08100335889435	7.21705688189991	8.97950857673774e-10	6.12910197143228e-08	12.1106031851912
DCXR	-0.811228387940773	9.15837548909857	-7.21656015094723	8.99734720005628e-10	6.12910197143228e-08	12.1086700803478
RNU6-1016P	1.29023039706486	6.68868353718955	7.20346047217997	9.48076604056772e-10	6.44539175177306e-08	12.0576938517696
C9orf66	-0.748427091532701	3.9374888958236	-7.18063739248686	1.03857469844305e-09	6.90744355650884e-08	11.9688949470018
PM20D2	-0.631018122359974	6.22791285668234	-7.16965034472369	1.08516526904001e-09	7.16081660900767e-08	11.9261541550945
SNORD105B	-0.837169888299872	4.17418062764315	-7.16514885882448	1.10485088910308e-09	7.2764789024523e-08	11.9086442565987
C10orf32-ASMT	-0.735269405094029	6.73802813660595	-7.14752109983151	1.18543018492335e-09	7.67230438303556e-08	11.8400835351494
RNU5D-2P	-0.695358332006286	3.01129183679129	-7.1422268770785	1.21075700148194e-09	7.80625737857953e-08	11.8194948663296
GMNC	-0.714409952848569	3.8231426500102	-7.13356612561072	1.25335804968331e-09	7.98926908040096e-08	11.7858166446207
MIR3911	1.15365881400189	6.71421025453734	7.12738346567089	1.28468151097778e-09	8.11225852999453e-08	11.7617766750327
FN1	2.10423402071208	7.4999193537117	7.12208529723488	1.31214449678424e-09	8.25475978200833e-08	11.741177166381
RP11-243J16.7	0.645722547904774	4.63087446157124	7.11686219172596	1.33979164808821e-09	8.39735583151201e-08	11.7208706950637
RNU7-29P	0.836678430792236	5.6412639603201	7.100269776988	1.43153362996074e-09	8.92260887287916e-08	11.6563704188119
ESM1	-1.40085328418314	6.11940102350558	-7.06300754874192	1.66104581772454e-09	1.00377177372171e-07	11.5115655410885
SNORD116-26	-0.615675939977433	3.17977763539291	-7.04862128708878	1.75917155692218e-09	1.05550293415331e-07	11.4556767559
RPL36AP33	0.902233693135834	4.77104190227619	7.01563549059157	2.00653589294996e-09	1.17465955399779e-07	11.3275703280747
RNU6-26P	0.820599782506513	6.46005529730549	7.01088720194202	2.04489161736991e-09	1.1909109730175e-07	11.3091341000254
SMA4	0.695236670129564	6.98616884810245	7.00712582756553	2.07579348313921e-09	1.20061331477623e-07	11.2945306199699
RNU5E-1	-0.741057921464632	3.50310003079385	-7.0018409014419	2.1200005008575e-09	1.22316166510687e-07	11.2740132462808
JUNB	-0.830008597007708	7.40663405711271	-6.99975022070521	2.13774650935467e-09	1.22593218189523e-07	11.2658971263819
GOLGA8B	0.615222044822869	7.39979409149583	6.9917007150696	2.20746577200109e-09	1.26124014628482e-07	11.2346507768351
RNU6-38P	0.682994179217074	6.51313788366627	6.98525614287535	2.26491465532221e-09	1.28184985576644e-07	11.2096369609697
RNU5E-2P	-0.693621756572771	3.03496802591767	-6.98517296175597	2.26566581861447e-09	1.28184985576644e-07	11.2093141185896
RNA5SP166	0.658227799014737	5.76791049531529	6.97999001646323	2.31296337218002e-09	1.30301998205467e-07	11.189198837465
RNA5SP229	1.00408173089356	4.38359459457731	6.95003168285924	2.60628889351338e-09	1.43253224797739e-07	11.0729586497137
SMIM2-AS1	-0.965624190651849	5.1902032885135	-6.94230436115155	2.68778382381202e-09	1.46180758933776e-07	11.0429845559757
FPR2	-0.794761044727187	2.98917319831919	-6.91305607952799	3.01991699088522e-09	1.58863652001014e-07	10.9295634326121
RNU7-47P	0.66044269308738	6.06436553942488	6.89860414104531	3.19882236863479e-09	1.64930107447041e-07	10.8735399745649
SNORA22	-0.957613822293191	6.84175263579786	-6.88304697308445	3.40322930330168e-09	1.73348779618327e-07	10.8132467599471
RNU6-1154P	1.23722570801499	6.22108280465316	6.8731422564287	3.54009688760438e-09	1.78433583034409e-07	10.7748682299911
BCL6B	0.671681057162365	6.81932131912794	6.86051071790526	3.72262996840133e-09	1.85690950494812e-07	10.7259331901102
LINC00342	0.635025044957034	5.92535016378342	6.81986291175291	4.37608239204006e-09	2.12231919755859e-07	10.5685350207085
RNU6-97P	0.717503905058215	6.33031812386942	6.79482286032182	4.83426609286414e-09	2.29917422639462e-07	10.4716312426052
MIR548H2	0.599554055655743	7.16347944692531	6.77168410217021	5.30000903559255e-09	2.4718714340274e-07	10.3821258169102
ECM1	1.03340860365633	7.78094976957807	6.76052072258175	5.54042781110598e-09	2.56273286406713e-07	10.3389578427647
PRO0471	0.821269858988558	4.14339322291592	6.75261209918849	5.71729342064221e-09	2.63304026388291e-07	10.308381487469
HES1	-0.622504742295066	8.87263065448959	-6.73316192706666	6.17655089785373e-09	2.80313992295596e-07	10.2332036313321
SNORA12	-1.08509567142331	4.3401645152769	-6.71833907295473	6.55104961891935e-09	2.9336174389105e-07	10.1759309611483
CTH	-0.775306717018242	4.12027596118076	-6.7169641157055	6.58691302226218e-09	2.94186367034014e-07	10.1706192748685
CYP2B6	-1.1413240014706	5.93600712505774	-6.70680092134401	6.85813468007821e-09	3.04284607121365e-07	10.1313618925158
HBB	-0.999886994386348	9.71394711180906	-6.70481249238819	6.91248532807822e-09	3.06293042395266e-07	10.1236821617707
RPS6KA6	-0.764663228557707	4.91930829193607	-6.70291084864499	6.96486488512841e-09	3.08208981530879e-07	10.1163379142683
RNF212B	-0.878978150608238	4.76339621194695	-6.69826011811161	7.09463694673388e-09	3.13129787753752e-07	10.0983777920491
ANKS4B	-1.01394730373701	4.38813194630893	-6.69250443244473	7.25857837123928e-09	3.17045677044286e-07	10.0761530238655
RNU6-130P	0.639574769077202	4.47777475118019	6.68604539802395	7.44704743165296e-09	3.23184606686407e-07	10.0512156269687
CLYBL	-0.679635930500284	5.98756456582336	-6.67503110226441	7.77973636169168e-09	3.34608048617658e-07	10.0086990343904
ACSM5	-0.63724218497074	5.42553400381795	-6.66575371288175	8.07141028259846e-09	3.43646407486389e-07	9.97289503934893
NAP1L2	-0.683102804667818	5.8370919346431	-6.63869208169125	8.98585289228201e-09	3.76869352646454e-07	9.86849888658819
AC012065.7	0.595544734432514	6.09594260980046	6.63756932798576	9.02594252121154e-09	3.77611391830339e-07	9.86416899381293
RP11-714G18.1	1.12110321638528	5.81804343389613	6.6312889583629	9.25349698014302e-09	3.86173166052503e-07	9.83995083348925
AC116366.6	0.586233661764917	5.19675606619147	6.60761318737854	1.01638415807702e-08	4.18467323691786e-07	9.74868466875455
THRB-IT1	0.836445480178095	4.06578281033968	6.56302478235458	1.21269692084692e-08	4.86811192511408e-07	9.57694312271255
LOC100506085	-0.640045412661273	3.00879949485309	-6.53842044281347	1.33672482321788e-08	5.27802822469635e-07	9.48225498060456
MIR644A	0.964548269976358	4.59868499163056	6.50871199847531	1.5033987099058e-08	5.86064791884664e-07	9.36800314843662
RNU7-40P	1.17528151680605	5.74402536541504	6.49123589552162	1.61093513980322e-08	6.21518683228426e-07	9.30083553045775
LPL	-0.702917732489899	6.02188275361678	-6.48516732460765	1.65003848018319e-08	6.35151798536268e-07	9.27751891084152
SNORA70G	0.983997593210837	6.23436171882261	6.47776292526581	1.69902941611974e-08	6.48091311216714e-07	9.24907494050752
IGHJ1	0.703986793288763	6.8861370966533	6.46394288577276	1.79436923040597e-08	6.77560251391817e-07	9.19600062481967
MIR1299	0.74570206315554	7.64599705135064	6.44811962504093	1.91007345317046e-08	7.15640853787866e-07	9.13525794897025
TMEM150C	-0.827007414255513	8.98320744175224	-6.43793970201395	1.98840130826938e-08	7.37611574420721e-07	9.09619321352226
NPL	-0.775153944718198	5.67542433021036	-6.41944155751546	2.13899057862608e-08	7.83135312825964e-07	9.02523671109018
RP11-395B7.4	0.673191258626321	6.46764395232436	6.41465902228497	2.1797341008995e-08	7.95461405652935e-07	9.0068976360108
ALB	-1.69628087167905	5.88724546923595	-6.40805560038666	2.23726050895663e-08	8.10316051149491e-07	8.98158037111904
MIR3120	0.766554040308239	5.95694285797136	6.38708500569373	2.43013852584997e-08	8.68053719191325e-07	8.90121231659933
NR4A1	-0.588579121996269	6.11173612020699	-6.38127803046181	2.4864098388565e-08	8.8584894426258e-07	8.87896637314226
ALPL	-0.687043202113384	6.31073114392065	-6.36094659804457	2.69382149757483e-08	9.4620480102316e-07	8.80110922168582
AC093110.3	0.692553099691445	7.301293890921	6.35760571830206	2.72951048151543e-08	9.56747333021833e-07	8.78832024958558
G0S2	-0.701915224385525	8.07339689171744	-6.3498081001893	2.81464636495982e-08	9.80473919694679e-07	8.75847585710872
ACMSD	-1.05826689862223	6.27076851182619	-6.34523056731682	2.86584796958816e-08	9.95225474093848e-07	8.74095926551011
FAM180A	-0.937914670153579	6.89119365366322	-6.34199546899565	2.90259076576152e-08	1.00282131784302e-06	8.72858118848717
RNU6-41P	0.605233811919481	7.26878111304787	6.324089571368	3.11458162979847e-08	1.06406983340227e-06	8.6600925162076
RNU6-1152P	0.617373425850182	4.71148505800776	6.32030999597134	3.16125691593203e-08	1.07783198387491e-06	8.64564085522497
NAIP	0.811526670928296	5.73252326631076	6.27131554184174	3.83301003676681e-08	1.26343204730965e-06	8.45846330074287
ZBTB20-AS2	0.988776401917164	6.08432493096479	6.26828306197441	3.87896151170018e-08	1.27732990404814e-06	8.44688790940769
CRYL1	-0.646843214142046	6.733768800473	-6.26560685473923	3.91996835031409e-08	1.28831708355352e-06	8.43667342802026
EGF	-1.09431137794561	4.72594592180905	-6.26045163261109	4.00017716032864e-08	1.31175427746559e-06	8.41699967153371
RNU4-2	-0.877985304992909	5.65003590374434	-6.25558760690014	4.07734817582863e-08	1.32967292542497e-06	8.39844031195945
RP11-436H11.3	0.991956078869572	5.55114020570279	6.25449857007589	4.09482792571508e-08	1.33279534416132e-06	8.39428535722073
ECHS1	-0.684061637357246	8.00333867918886	-6.24533182629012	4.24493893295394e-08	1.36453137101246e-06	8.3593179258602
NEAT1	0.674539051984793	8.2326163070492	6.23931158881986	4.34648237899723e-08	1.39054445749323e-06	8.33635905579456
CACNA1C-AS4	0.697055101743302	4.17075996203543	6.23548804434808	4.41222214219148e-08	1.40756982625068e-06	8.32177997355687
LTBP1	0.676481419644166	6.6036908236081	6.23361378439297	4.44480652258346e-08	1.41528683608606e-06	8.31463416211711
RNA5SP450	0.60533127747108	6.70820368915353	6.23024465806423	4.50398105440445e-08	1.42985724708627e-06	8.3017901715863
RPL23AP32	0.767496560761441	5.9583998620875	6.20789324423221	4.91684582124982e-08	1.53372840973676e-06	8.21661861556398
MAGI2-AS1	1.03523886322099	7.32013940008642	6.1963726476822	5.14409832698683e-08	1.59429223884187e-06	8.17274459757185
AS3MT	-0.60783081010033	6.55536088260435	-6.19577358211702	5.15619628179221e-08	1.59657427568442e-06	8.1704636576182
LINC00948	-0.877711143103291	4.22898999621868	-6.16491334940869	5.81911954761149e-08	1.7661630166108e-06	8.0530295080738
SELL	-0.87084970800105	4.31767585939435	-6.16074918800101	5.9148166906924e-08	1.79111145836426e-06	8.03719341966662
MIR571	0.695845871034246	5.2910667993976	6.15097644045472	6.14557978378358e-08	1.8420351138594e-06	8.000037649955
RNU6-842P	0.589314102894514	6.45611681943724	6.15055836485903	6.15564848912291e-08	1.84341444985102e-06	7.99844843348505
RNU7-13P	0.593699123773207	6.86824784661898	6.14959378336782	6.17894140928432e-08	1.84710908086052e-06	7.99478189630762
LOC100996266	-1.28093210723932	5.15890601854352	-6.14070726297004	6.39768953745111e-08	1.89903249298285e-06	7.96100888388816
RGN	-0.663914006947698	5.52273837760636	-6.12844430665367	6.71221436076335e-08	1.96642804730617e-06	7.91442214454362
RNU7-45P	0.743519725117721	4.88532933595044	6.12595348759865	6.77794914342798e-08	1.97880904862677e-06	7.90496218525874
RNU6-388P	0.853883013455533	4.38820135985843	6.07166786030995	8.38022093321609e-08	2.36271780826126e-06	7.69901258329518
RP11-390F4.6	-0.603653860873417	5.86989988232944	-6.06636178175641	8.55567312835013e-08	2.40815774530857e-06	7.6789056147594
CLEC4E	-0.876226919577507	3.19667226729007	-6.06448795960893	8.6184993852431e-08	2.41776871273209e-06	7.6718059206969
AK4P3	-1.29010351810512	7.6299970630577	-6.04256464790893	9.38841000644052e-08	2.60109195796876e-06	7.58878043174655
COL15A1	0.741989268900829	5.84389216894287	6.04064265536654	9.45907137472837e-08	2.61228408481442e-06	7.58150516214587
ANGPT2	0.644319198190917	4.95957688102095	6.03562656601685	9.64597839897719e-08	2.65703258094991e-06	7.56252055147747
RNU6-701P	0.64951583178097	3.71737340335507	6.01809213952329	1.03285554065166e-07	2.81323819311584e-06	7.49618771995894
RNA5SP343	0.628316893251733	5.82134151231052	6.00623087525065	1.0817209281309e-07	2.90874240004577e-06	7.45134360141012
RP11-642D21.1	0.697805771857577	3.41848917844698	6.00013911891565	1.10770068391467e-07	2.96876347130024e-06	7.42832095743567
EGR1	-1.37764629595955	7.84478699069444	-5.99883670958011	1.11333481975076e-07	2.97668920674131e-06	7.42339950632751
RNU4-22P	0.943885404379999	5.05654846500582	5.97530021735363	1.22018551771907e-07	3.2245027944739e-06	7.33450795359127
SUGCT	-0.754940524897253	4.95453861855212	-5.96937522537682	1.24864662599215e-07	3.28683561502383e-06	7.31214469348954
RAB29	-0.604510576030066	6.58835056355906	-5.96858997200087	1.25246765658238e-07	3.2943221045209e-06	7.30918126229077
RERG-IT1	0.863620506178064	4.32540260585125	5.96645829490719	1.26289885208553e-07	3.31916985910554e-06	7.30113712812702
MIR604	1.29093067398553	6.44291194790853	5.96257228033934	1.28213663663629e-07	3.35144553390509e-06	7.2864746897458
FBN1	0.754853053169398	5.96804489205514	5.96187792604339	1.28560448367497e-07	3.35790729585747e-06	7.28385505877196
MIR99A	0.936407251006024	3.56843834623171	5.95670921463667	1.31171242687569e-07	3.40762272991127e-06	7.26435722484584
RP11-232L2.2	-0.939841603942489	4.12665313770074	-5.95167818882942	1.33762898508286e-07	3.45896084179402e-06	7.24538296552884
SNORD14D	-1.10732061120816	3.54210664535155	-5.9494128492292	1.34946348748806e-07	3.48155384836245e-06	7.23684070426814
PI3	-0.936459550111526	5.11132655538341	-5.93916823569116	1.40429083177919e-07	3.59549634378089e-06	7.19822031099748
TPPP3	-0.678741665483857	7.73250636318032	-5.92340111372146	1.49301225929029e-07	3.79089419335235e-06	7.13881497256231
CTB-49A3.4	-0.594483355850313	4.08832844366199	-5.91880700521429	1.51989185018801e-07	3.84690760033133e-06	7.12151368003883
VEGFC	0.713938174088788	6.29591245664457	5.91697852382164	1.53072287765948e-07	3.86636520109946e-06	7.11462865148573
OCLM	0.640146157347768	3.38763398188613	5.91636222070913	1.53439074564932e-07	3.87272873827058e-06	7.11230812847216
RNU6-151P	0.689094458406406	3.91217345176208	5.91488874284308	1.54319531192107e-07	3.89203783978898e-06	7.10676040415083
GIPC2	-1.03999006150356	6.17510009604696	-5.91111414746212	1.56597871724576e-07	3.93795730599957e-06	7.09255051484033
RP11-165I9.8	1.01851573991316	5.28009332198672	5.89349831423912	1.67678872532196e-07	4.15439499029071e-06	7.02626562602927
RGS2	-0.988860965602691	7.78236266563545	-5.88581257833673	1.72753409128028e-07	4.26537973766064e-06	6.99736230393358
CTXN3	-1.10229703814315	5.74262202959287	-5.88313945760482	1.74553736081676e-07	4.30259647710097e-06	6.9873120233416
LOX	-0.851659644260948	7.66339213420537	-5.88191962814863	1.75381440355319e-07	4.31668771443896e-06	6.98272617147283
RNU6-653P	0.709157391900902	4.24637369805029	5.88097524044267	1.76024912846137e-07	4.32936547131418e-06	6.9791759970936
RNU1-143P	0.898450457284784	5.61901629620267	5.87885578751816	1.77477551965439e-07	4.35556262902082e-06	6.97120903774267
RNU7-7P	0.673899428000746	6.15680443375302	5.87438597410553	1.80580097541575e-07	4.41243542688545e-06	6.95440968976868
RASD1	-0.820465802954383	4.92885404304942	-5.87266544472343	1.81788589921475e-07	4.43232917726114e-06	6.94794417391301
RNA5SP123	0.702232149143228	5.18537502205187	5.84612210929064	2.014792308181e-07	4.82519862442212e-06	6.84826339601619
CMBL	-0.671032482747762	6.22488713370487	-5.8173163900526	2.25240130869375e-07	5.31125679224848e-06	6.7402275144356
CCND2	0.604673719145025	6.40430448048275	5.80219683346988	2.3880026393357e-07	5.58415041597778e-06	6.68358133690094
LOC101926906	-0.698488379197789	4.35325619789737	-5.78840665960923	2.51870513444098e-07	5.84177457495306e-06	6.63195210345019
PCDHGA10	0.615151232998023	6.25532393658516	5.78052427991276	2.59656574991749e-07	5.98879597039793e-06	6.60245685422192
HNRNPU-AS1	0.616583937708416	5.57404243764004	5.77715551830768	2.63056329887518e-07	6.05892038511415e-06	6.58985471657211
SCARNA7	0.893097272539737	8.1402040661066	5.76609022432558	2.7453613973039e-07	6.27192319221459e-06	6.54847561058847
RNF152	-1.17959361879783	7.45372014492652	-5.76562281841276	2.75031808186166e-07	6.27899293976812e-06	6.54672823041426
RNU6-321P	0.678822761015403	3.98999431266828	5.7603814812511	2.80651027837952e-07	6.38566306254774e-06	6.52713648178431
RNA5SP260	0.60995687088607	5.83094546918154	5.75856111280788	2.82629075024666e-07	6.4109909535218e-06	6.52033327864421
ASPA	-0.837071752068081	6.62772704907839	-5.75752676418791	2.8375915235423e-07	6.42602996466396e-06	6.51646791901318
RNF138P1	0.815432305810361	5.63441362346561	5.7564222605888	2.84970809682079e-07	6.4491380553555e-06	6.51234061248929
TGFBI	0.74936333230661	5.7325154265657	5.74372939061294	2.99267604128428e-07	6.71410752575556e-06	6.46492645188652
SNORD7	0.974692692634189	4.63272410974938	5.72878156522939	3.17015536727473e-07	7.02811564658145e-06	6.40912816140454
SLC7A7	-0.879940794278895	7.89448634032513	-5.71232482948376	3.37759645263534e-07	7.39562028460154e-06	6.34774688780402
RP11-752D24.2	-1.06012425587766	9.29578991947799	-5.70216911751566	3.51224673878898e-07	7.65565352501386e-06	6.30989370548524
PEPD	-0.594935943025982	8.46266195884371	-5.69649768971529	3.58973590617084e-07	7.78931111686491e-06	6.28876346143569
RP11-550H2.2	-0.637359045602357	5.47344991020011	-5.6801349067673	3.82289519122658e-07	8.21852130988003e-06	6.22783546832756
RNU6-674P	0.791710402792812	3.36031082677076	5.67766059040046	3.85943128862498e-07	8.28389707526635e-06	6.21862677817902
AK4	-0.641268796615153	7.83279790370561	-5.67001724836759	3.97448651934827e-07	8.49300921624991e-06	6.19018815245092
CPNE4	-0.605752359823393	4.25618031181514	-5.64268405562603	4.41434436678515e-07	9.32070707877241e-06	6.08858516108075
COL1A1	0.588578922029909	6.10484608862475	5.63925724155861	4.4727760136416e-07	9.43817316520619e-06	6.07585765071284
HPD	-1.44961026685718	7.79013207470592	-5.62819080250574	4.66673867827028e-07	9.78013848547384e-06	6.0347722044863
AQP7P3	-0.70907482698199	5.90974860131101	-5.61126274462143	4.97961857929112e-07	1.03203895816654e-05	5.97197345669638
ALDH4A1	-0.716490244795378	7.10852057089488	-5.60308544701399	5.13809009554439e-07	1.06096998176214e-05	5.94165901967297
AGPAT9	-0.616649083797784	6.11735325560337	-5.57993168537788	5.6143052084668e-07	1.14597077257567e-05	5.85590046769203
PCK1	-1.06274334136217	6.7603669237202	-5.56493203073873	5.94579725234478e-07	1.2027131574629e-05	5.80040409013884
RNU6-1170P	1.33255706438912	5.82180608211391	5.55439008871371	6.19025860668044e-07	1.24767196782585e-05	5.7614292706473
FOLH1B	-0.903984367925517	4.5849626615744	-5.54401503376396	6.44052627046847e-07	1.29040134189065e-05	5.72309477457425
RNU6-45P	0.594193641132344	7.25429086110256	5.53950669069124	6.55236398321743e-07	1.30969599000647e-05	5.70644427527616
USH1C	-0.624225158128321	5.74723660108616	-5.53295821132159	6.71823163213204e-07	1.33651192115335e-05	5.68226687288185
GPR18	0.598233176107075	4.17297978796539	5.53161297201614	6.75281484999961e-07	1.340282750258e-05	5.67730131923221
NAV2-IT1	0.736508844043354	3.80896765205539	5.51406177005014	7.22043787921793e-07	1.41554165864668e-05	5.61255251906332
AC011239.1	0.759447156185099	6.68819987816171	5.51181641898416	7.28252034884423e-07	1.42609085190876e-05	5.60427399360124
BACH1-IT2	0.604880606771764	4.67015556624006	5.50922948156586	7.35470038960652e-07	1.43733917993059e-05	5.59473743186559
MIR3916	0.935473915539322	6.708328514645	5.50310600064314	7.52837996810637e-07	1.45978707604685e-05	5.57216955356224
ADAMTS5	0.702507627148318	6.72902421819264	5.4971432382451	7.70138620304644e-07	1.4899067284379e-05	5.55020199488043
FBP1	-0.917944182143857	7.1686074252981	-5.48855968146569	7.9573380838997e-07	1.52802642476707e-05	5.51859301779978
BCL2A1	-0.691133898792575	4.94571945679717	-5.48722823880819	7.99778461073504e-07	1.5349191637677e-05	5.51369145162616
RNA5SP82	1.01523595793957	5.68010994438331	5.4752018874588	8.37242781561883e-07	1.59052544193052e-05	5.46943574516854
CCL21	1.54305387764317	6.92429816616548	5.47349339767797	8.42703537977924e-07	1.59999793359322e-05	5.46315132622991
GSTA2	-1.60614856317827	8.22824146099082	-5.47225940935156	8.46669496703774e-07	1.60571965291627e-05	5.45861269877974
SNORD41	-1.17056514249251	3.33170172744327	-5.46846244208958	8.58988487466358e-07	1.62360380030076e-05	5.44464955814112
RP11-91K11.2	-0.738514531544016	5.73908121944505	-5.43767848946256	9.65610096605832e-07	1.78608735367793e-05	5.33156458492263
LOC728290	-0.874094283860578	3.95622014923561	-5.43457221832817	9.77067415208087e-07	1.80529935566119e-05	5.32016577658232
LOC100287497	0.659758261859812	5.61597602688758	5.43417208313372	9.7855299992034e-07	1.80590488185052e-05	5.31869759812689
MIR30E	0.692613633789059	3.5995190651411	5.43136381893604	9.89042082494689e-07	1.81647598157521e-05	5.30839454164085
ALDH6A1	-0.875459148522943	7.79619395876897	-5.42851878875796	9.99781465309169e-07	1.83160791996541e-05	5.29795846161095
NR4A2	-0.858003789522474	4.88167900561113	-5.42444960054177	1.01534178177892e-06	1.85266909532388e-05	5.28303521911087
RP11-710F7.2	0.767750128613613	5.85249370098166	5.42156837824369	1.0265034618195e-06	1.86999982347669e-05	5.27247102498684
RNU6-1053P	0.966664091685612	5.54233752152636	5.42066934282315	1.03001095655145e-06	1.87436424473368e-05	5.26917504773002
LOC100303749	0.712091670694651	4.23038055371314	5.41241260828576	1.06278103547444e-06	1.92671916753753e-05	5.23891365157225
RP11-244N9.4	0.666613218745316	4.01725324738695	5.40407480946484	1.09691492620084e-06	1.97902468226283e-05	5.20837137570247
RNU6-1188P	0.878864662732022	4.08486649399896	5.40050507070881	1.11185710759765e-06	1.99956382230361e-05	5.19530003403245
MIR597	0.656877907346205	3.66153606769476	5.39547983122642	1.13323208977883e-06	2.03042433939118e-05	5.17690417598757
ANKRD10-IT1	0.682576603314309	5.61348116175934	5.39253999708369	1.14592389983812e-06	2.04663950754986e-05	5.16614511892188
LUM	1.7324307964456	5.76530201743398	5.39161846117109	1.14993109198211e-06	2.05162309109188e-05	5.16277295024535
FRY-AS1	-0.789725174713312	6.27055951455729	-5.38803199962576	1.1656582277997e-06	2.07419501010058e-05	5.14965096203627
BPHL	-0.614973169759658	7.04360224354945	-5.38713812468135	1.16961086416681e-06	2.07903417710621e-05	5.14638096784729
NID2	0.660800237870071	7.00783054771957	5.38237143727948	1.19091270607004e-06	2.10800926239799e-05	5.12894657528123
PRKAR2B	-0.647388009840991	7.44060762872629	-5.36086991302837	1.29184811064368e-06	2.24036800500534e-05	5.0503713485611
EPHX2	-0.604252070167989	6.62082781270232	-5.35446434660617	1.32351454621423e-06	2.28164164101962e-05	5.02698437928391
CCDC148	-0.655468809682725	5.24838951686716	-5.34867141666128	1.35280981324776e-06	2.32028214154194e-05	5.0058427443588
EGOT	-0.863012671067692	5.3673863957302	-5.33644073376111	1.4167742104831e-06	2.41280941300455e-05	4.96123303324567
RNU6-611P	0.897743590413839	4.86619794444214	5.33193056343793	1.44110545616201e-06	2.44806428119813e-05	4.9447920621366
ADRBK2	-0.633546866299946	6.22722635928965	-5.30511801989238	1.59447785514976e-06	2.66563179353742e-05	4.84715573890984
HRSP12	-0.836612252969926	7.46076661505842	-5.30139391387723	1.61701322600344e-06	2.69395681723498e-05	4.83360876296606
ASPN	0.907239660110573	4.07303200550447	5.29130045909133	1.6796788294453e-06	2.77777195335437e-05	4.796909834111
KCNJ15	-0.820339496051069	6.03828695992931	-5.27465372987054	1.78829018968883e-06	2.93150924629594e-05	4.7364398748033
LRP2BP	0.629976680277094	5.52284998626456	5.24046269971851	2.03348983165925e-06	3.26675927220342e-05	4.61246114316021
L3MBTL3	-0.624682773457759	6.72667566775551	-5.23474188230262	2.07762698736193e-06	3.32183888164269e-05	4.59174654470223
RNU6-946P	0.685933751150281	5.1688936774307	5.23346337990597	2.08761892516669e-06	3.33465230490861e-05	4.58711835747885
RASL11B	-0.667478945818271	6.00533676000555	-5.2118518418842	2.26384919852596e-06	3.57048620085572e-05	4.50894904765057
PPBP	-0.91925959872222	4.80417419360465	-5.20540378330746	2.31920652408256e-06	3.64415862031985e-05	4.4856500651457
MIR548X	0.7663037986823	6.56791825160941	5.1808064818471	2.54286440829558e-06	3.93688649438599e-05	4.39687308391536
APOH	-1.10295770868923	4.49132076457057	-5.17877729417201	2.56223464527732e-06	3.95597766660949e-05	4.3895565151354
PRODH2	-0.760855878034929	7.30918583835755	-5.17653795089388	2.58377931454808e-06	3.97831225966034e-05	4.38148347796068
C5AR1	-0.648416734158054	5.2873804908156	-5.17329265721416	2.61531848916263e-06	4.01587155986174e-05	4.36978628831648
MUC15	-0.605383145293622	3.92847252820988	-5.16730053964759	2.67454969377953e-06	4.09005966776624e-05	4.34819602111197
KBTBD11-OT1	-0.65670220743856	4.57521834646026	-5.1659950802717	2.6876277802117e-06	4.1077957900959e-05	4.34349359027421
GFRA1	1.03106624284454	5.97748259326415	5.16495965170006	2.69804536423385e-06	4.1161671136039e-05	4.3397641721338
RNU6-853P	0.619177606085693	3.56810546293046	5.16263571243201	2.72157149451525e-06	4.13757397633247e-05	4.33139483717927
RNU7-10P	0.805603864597137	4.0379440641391	5.16001316635281	2.748362654509e-06	4.17078257020898e-05	4.32195186800978
SFRP2	2.16471035786504	5.74259657628013	5.15790205787814	2.77011721657646e-06	4.20001585175172e-05	4.31435177999211
LOC202025	0.595095690969379	5.20189118761905	5.14676148236997	2.88775091859519e-06	4.34709647209954e-05	4.27426525610072
AEBP1	0.785122125260447	7.01760714913933	5.14628213147685	2.89292102794852e-06	4.35293605811799e-05	4.27254119282684
RNU1-124P	0.606167654280106	4.23921517441775	5.13184504912243	3.0529671388109e-06	4.54106978035745e-05	4.22064536153369
HAVCR1P1	0.637271885105582	5.29662914062868	5.12968451258636	3.07765472159378e-06	4.56369908584619e-05	4.21288397666764
PRLR	-0.689462466608875	5.64608299619917	-5.12487621595725	3.13330305448457e-06	4.62588589227449e-05	4.19561555249759
RP11-575A19.2	0.615390148364618	4.39527753073815	5.12385600935085	3.14523677189325e-06	4.63943061890815e-05	4.1919524229322
IGFBP6	0.645221478561828	6.87634721414133	5.10439369063936	3.38163308336244e-06	4.91502877461127e-05	4.12212676610558
PVALB	-0.828502003624417	5.95504332407674	-5.09854603768174	3.45600882871073e-06	4.99728206278413e-05	4.10116755476635
SNORA48	-0.802800464067563	9.36238393786016	-5.09548935154274	3.49552329107027e-06	5.02425598358437e-05	4.09021556407603
ACY3	-0.600095320239604	6.87361659581002	-5.09343687698421	3.5223046339296e-06	5.05198265657618e-05	4.08286309694174
MTTP	-0.585502345862019	3.96600624869306	-5.09280883165895	3.53053974459309e-06	5.05734070465927e-05	4.08061352106575
FABP5P1	0.919808532437184	8.2188053199716	5.0856126467542	3.62625775134304e-06	5.17029223574153e-05	4.05484565475344
LOC101930114	-0.732348914686086	6.55059019443941	-5.08215246740663	3.67318473804765e-06	5.22174491429033e-05	4.04246075548001
SORD	-0.802967679380576	7.11183069877681	-5.05889605764308	4.00442269000967e-06	5.61218342091131e-05	3.95930803865877
ADH6	-0.727407695083447	4.53702728198858	-5.05724774687068	4.02898132640674e-06	5.63957037469635e-05	3.95342039706013
COL1A2	0.978126385001165	6.64927315165952	5.04550072038872	4.20833453706069e-06	5.86142257702134e-05	3.91148348632835
FMN2	-0.775426456986654	7.08000176208679	-5.03181330549891	4.42720901008923e-06	6.10075553004531e-05	3.8626695815488
RNU1-16P	0.645762550337356	5.49554690419576	5.02560110424941	4.53019562964694e-06	6.22486538841462e-05	3.84053271600662
PBLD	-0.693842769332611	7.01143600328106	-5.01792674056513	4.66067084833607e-06	6.37298544225029e-05	3.81320103552078
LOC101927557	0.711498064152571	4.21552821705878	5.01525281444925	4.70699159805008e-06	6.4233005538749e-05	3.80368208802644
PCDH18	0.603922403891982	5.20328596180564	5.00932475569183	4.8112999943455e-06	6.54191427795167e-05	3.78258617995664
MRO	-0.864116887285381	5.27171181179247	-5.00045970028652	4.9715293738259e-06	6.71096759349116e-05	3.75105779370435
DPP6	-0.676913676274231	7.20994441167089	-4.99902266632358	4.99799088034063e-06	6.73590137830081e-05	3.74594919430071
ANK2	-0.709706042003743	6.79163252462264	-4.9847399059531	5.26861483759325e-06	7.0359482108374e-05	3.69520777727158
RP11-74C13.4	-0.670119879520501	7.13419727066518	-4.97488885325816	5.46358634303841e-06	7.23614027836823e-05	3.66024594431457
ANGPTL3	-1.03220684675165	4.79147977097368	-4.973579121934	5.49003537705089e-06	7.2654628302259e-05	3.65559983146829
FABP5P7	0.944535996896803	8.25852943006366	4.95480272970775	5.88329313798415e-06	7.69091924661916e-05	3.58904947531043
CRYAA	-0.599448119129637	7.22825021386162	-4.94478864690751	6.10418471708854e-06	7.9380296436647e-05	3.55359943175824
LINC00597	0.608431745986787	3.4927160613288	4.94145280819531	6.17955571315489e-06	8.01440840952242e-05	3.54179725613855
LOC101927062	-1.14110368477142	4.51598895254354	-4.93779260369395	6.26330475704141e-06	8.08880261997076e-05	3.52885137302409
GLIPR1L2	-0.590347902346704	4.11677801648259	-4.93335488363044	6.3663364412319e-06	8.18905463295638e-05	3.51316095166515
HSD17B2	-0.715282653511389	4.28283796924956	-4.92924437495258	6.46325134761819e-06	8.28672378105268e-05	3.49863281811959
ABCC2	-0.773563260570047	5.00011719855468	-4.91204315087912	6.88472740181158e-06	8.67621906199411e-05	3.43789326785245
RP11-335O13.8	0.590774279991614	3.99739486743178	4.91037116185383	6.92710301720455e-06	8.71574305000513e-05	3.4319941387027
CTSV	-0.699166899388237	6.52815792247026	-4.9018278498256	7.14764721079116e-06	8.93986142239904e-05	3.40186504290538
ERVFRD-1	-0.61544648324229	5.50118352630955	-4.8984712102586	7.23616706201819e-06	9.04051698152106e-05	3.39003361515403
FOSB	-0.70944874762584	5.75890582646133	-4.89833967862803	7.23965752519014e-06	9.0415278425708e-05	3.38957006594876
RP11-25C19.3	0.653355092169004	4.44347054040567	4.87475114893693	7.89303051382082e-06	9.67477240734417e-05	3.30652576313486
IGHG4	1.59718917564955	7.73027110736763	4.87347962885453	7.92984390102584e-06	9.70930778295539e-05	3.30205428559991
RNU6-466P	0.586947814237136	3.29532346524223	4.86907461057743	8.05868343476023e-06	9.84204293444821e-05	3.28656736521472
CRABP1	-0.645442036407917	5.29736755103366	-4.85394988793993	8.51684250831883e-06	0.000102934741713445	3.23343940537308
RNU4ATAC11P	0.621883444817808	4.65726763144525	4.84733977616164	8.72499135541869e-06	0.000105036311497579	3.21024316756111
MOXD1	1.29771446843954	4.62876105287276	4.84431106313305	8.8220189160707e-06	0.000105864226992848	3.19961944772294
TRAV39	-0.623810336617689	3.75040295888189	-4.83657990063441	9.07450570802284e-06	0.000108239240351797	3.17251439979965
ITGA11	0.939279178373271	5.61278938600904	4.83597234990025	9.09464423970015e-06	0.000108441090439423	3.17038517070636
MIR421	0.629908628004589	5.56641177015341	4.83308973978794	9.1907917409605e-06	0.000109278384169671	3.16028435807552
RNA5SP160	0.7789403640444	3.84536153203771	4.82962832923816	9.30755920664947e-06	0.000110404228313427	3.14815892825371
EHHADH	-0.672870798659698	6.45799144175433	-4.82072738757982	9.61452842346255e-06	0.000113324000714725	3.11699637841898
AC025165.8	0.765767609976082	6.18591045574148	4.81911922706282	9.67103596065216e-06	0.000113904063078306	3.11136887377419
RP11-132E11.2	-0.600964472412603	3.65236974088408	-4.81830941635152	9.69961392513575e-06	0.00011412106823293	3.10853538542338
LINC01186	-0.59045344715534	5.01748887300941	-4.81817580682164	9.70433689425381e-06	0.000114136812024499	3.10806791256845
LINC00671	-0.622664578414027	5.98937058225508	-4.81195316716625	9.92681061445135e-06	0.000116266778019903	3.08630255799242
SLC12A3	-1.22329365654058	6.63592558059544	-4.81032877739145	9.98570248412008e-06	0.000116794272550999	3.0806228863946
NT5E	0.677226134863841	7.22302536621149	4.81017508976762	9.99129205289928e-06	0.000116819128995757	3.08008556270122
RP11-438F14.3	-0.992473922663595	3.55041900839365	-4.79519388734961	1.05510940630662e-05	0.000121625925078522	3.02774512224089
LPPR1	-0.588568053744476	5.70698525683568	-4.79291102592858	1.06390473749733e-05	0.000122439821666928	3.0197758348305
SEMA3B-AS1	-0.676940703463348	8.20181753849024	-4.78868912539389	1.08035998758075e-05	0.000124121767568051	3.00504201887105
RNU6-1340P	0.598976650394454	3.72601740702656	4.78570852506143	1.09212672433243e-05	0.000125260248790781	2.99464368440228
MIOX	-1.15619445771747	8.13423698376504	-4.78451006747766	1.09689319781664e-05	0.000125636000782531	2.9904634835186
COL6A3	0.909969564175852	5.06444885374577	4.78371201504559	1.10007846386464e-05	0.000125872568040433	2.98768015160486
WDR72	-0.808401074014054	7.01679302341405	-4.78254059419981	1.1047703379691e-05	0.000126280867106162	2.9835950191695
RNU6-1327P	0.716885731169268	4.72139807282339	4.7703733267532	1.15467517129289e-05	0.000131184793719664	2.94119051149408
GSTA1	-1.18597120041299	8.70098845950585	-4.76619817562006	1.17230236313939e-05	0.000132840750539936	2.92665085971189
SOX4	0.616253615931389	7.90250928466475	4.75723493870925	1.21103743634011e-05	0.000136425237206955	2.89545662657796
GLYATL1	-1.16304604691879	6.7137198284105	-4.75647040386199	1.21439871078012e-05	0.000136726292245428	2.89279709900893
RNA5SP68	0.766666616892611	4.25352800605628	4.74906887518617	1.2474144108017e-05	0.000139697156865603	2.86706007463701
WDR49	-0.944601034170198	5.4791868728112	-4.743439760821	1.27310952647284e-05	0.000142244046496567	2.84749846979341
ABHD14A-ACY1	-0.866375202243787	8.1575031591176	-4.73478648930966	1.3136204058347e-05	0.00014594820456259	2.81744844571247
RNU6-580P	0.674339471635326	4.67262486520621	4.72196972076248	1.37594616592201e-05	0.000151723037000949	2.77298636027511
ACY1	-0.618313880090045	7.5992236276193	-4.71533679335975	1.40932569527394e-05	0.000154645175543889	2.74999822678315
RASSF9	0.656686250822178	4.89987699779352	4.71511345570225	1.41046327182832e-05	0.0001546693382961	2.74922445240124
LINC00052	-0.846958494511742	5.15179572180833	-4.69616761812302	1.51029966100499e-05	0.000163704159435041	2.68364680280416
GBA3	-0.957607117316747	6.0921388562089	-4.69291250586362	1.52813357695553e-05	0.000165261912171072	2.67239218971235
MFAP4	0.854766694772344	6.97499206030889	4.67803450139888	1.6122977563988e-05	0.000172922011277886	2.62099769090191
ABAT	-0.647022417421591	6.84543608194717	-4.67686967949369	1.61907483382133e-05	0.000173538472334568	2.61697716618931
MARCKS	0.795643934484841	7.81134884437978	4.66192258785267	1.70854504636714e-05	0.000180885836620094	2.5654272860803
LOC286191	-0.642844759448879	8.10272532438336	-4.66114667334504	1.71331892809937e-05	0.000181277421573614	2.56275341845976
LOC284578	-0.822167800220726	4.9500813094744	-4.64587359782282	1.80998124558965e-05	0.000189483289665579	2.51016399072922
MNDA	-0.694319233762965	6.19961275166369	-4.63567526118206	1.87746665588846e-05	0.00019527506365379	2.47509393858333
RNU6-1297P	0.607472762661554	4.06613149466168	4.62869887375607	1.92503857089516e-05	0.000199300892264614	2.45112468963692
LOC149703	-1.23955968848372	6.28899104504912	-4.62841650383226	1.92698859773429e-05	0.000199441545474525	2.45015489504168
RAET1E	-0.592368283612509	5.27849079135734	-4.62384865675298	1.95880275410954e-05	0.00020223057150478	2.43447063419695
SNORD116-8	-0.645732006303414	5.41018576223587	-4.62304114968965	1.96447990811601e-05	0.000202699701657503	2.43169873082311
LOC100505985	-1.44984394834905	5.71486795668781	-4.6209426741542	1.97930830435522e-05	0.000203917739147137	2.42449644582021
RHCG	-0.687803327789936	5.51059543812347	-4.62071717888922	1.98090819390707e-05	0.000204020233043819	2.42372260521692
RNU6-387P	0.724141140784894	5.27905331476998	4.62001691920903	1.98588458055599e-05	0.000204367310105128	2.42131961302326
SNORA45B	0.715300251973348	5.92051882974813	4.6038589917617	2.10415600534877e-05	0.00021447444090473	2.3659211046642
RNY3P6	0.789639867238202	6.33763447399981	4.59645043100704	2.16065426690452e-05	0.000219383504607107	2.34055163780094
KHK	-0.592439127882237	6.58430993867989	-4.58887238338132	2.21997404022844e-05	0.000224191448447149	2.31462222574272
INHBA	0.948179365022463	5.2309039902163	4.58517535298022	2.24948692917877e-05	0.000226455073607575	2.30197981128026
FBLN5	0.963264886392095	7.23507340764422	4.56956525452052	2.37837138401104e-05	0.000236993744293299	2.24865392432754
AFM	-1.083302571496	6.53949585901729	-4.56713933059355	2.39903636202401e-05	0.000238700224631011	2.24037464495493
LOC101060277	-1.09860641401768	4.60462997112474	-4.56105712004344	2.45161907193412e-05	0.000243142926781231	2.2196265038821
TNNI1	-0.664367844446334	8.45372925028432	-4.55701652552619	2.48717021378357e-05	0.000245873291142721	2.20585037099868
PLGLA	-0.847713021727148	5.97141903729732	-4.54315292100177	2.61300720898245e-05	0.000256335508058156	2.15862889998478
MIR3975	0.986289088413018	3.67341046502415	4.52744817652227	2.76305116092151e-05	0.000268734021189136	2.10522188308147
CA10	-0.586771029978728	6.45432323716162	-4.52175336269203	2.81950562551934e-05	0.000272634501307168	2.08587816587329
SCARNA2	0.603503067720866	7.69913638220876	4.51841794676769	2.85309039643212e-05	0.000274874880479117	2.0745542806062
PRELP	0.621654657117496	7.29564337606468	4.51641378932859	2.87345748812797e-05	0.000276442186874965	2.067752072074
CCL2	0.852770423318969	9.40310416806083	4.50301187873228	3.0133366357652e-05	0.000287764688071375	2.02230393136695
RP11-521M14.1	-0.65189648772597	3.47153619501463	-4.48769393207769	3.1813359076753e-05	0.000300657642395771	1.97044081513598
MIR4263	0.652567239025278	5.66412325816539	4.4871116158209	3.18789902702913e-05	0.000301193486106534	1.96847097011323
PTN	0.803562870691139	6.48261102875753	4.4837511900951	3.22603154026083e-05	0.000303944631286938	1.95710591168291
RNU4-62P	0.992018693696162	6.31726127803975	4.47981755078385	3.27123249404076e-05	0.00030768747475329	1.94380766256458
RP11-760H22.2	-0.667585832918801	5.43961317429293	-4.47722782760287	3.30132634544774e-05	0.000309654309787198	1.93505592504806
FABP3	-0.607783924234183	7.74842227824621	-4.47539559161229	3.32278030566845e-05	0.000311147325484977	1.92886558639158
COL8A1	0.897540030282943	4.6274120795323	4.46245387800172	3.47822606696227e-05	0.000322834525125152	1.88517749990148
THBS2	0.687044160516391	5.24531109020524	4.45501792663774	3.57071607380009e-05	0.000330327972588585	1.86010447915012
COL3A1	0.694942520838485	6.94934953230956	4.44819019060825	3.65774389543322e-05	0.000337176391891767	1.83710095818424
FLJ22763	-0.636624709045453	4.23179046131371	-4.44590795445632	3.68729099257683e-05	0.00033943612413238	1.82941580869279
ALDOB	-0.828827024859592	7.94727072773164	-4.44336019924917	3.72054975894987e-05	0.0003412978834211	1.82083892662097
TM4SF5	-0.779685622157138	7.34957805836028	-4.44098155310591	3.75186406126091e-05	0.000343598197028022	1.812833600617
RNU6-495P	0.767587289747049	4.93261248526139	4.44006066636465	3.76405597807172e-05	0.000344340660826311	1.80973494559553
SNORD14E	-1.07728400997714	5.13410589217552	-4.43864092602237	3.78292786677632e-05	0.00034569194489891	1.8049583597449
LOC101928820	-0.884020874577519	4.37775756253326	-4.4314573307194	3.87983453016974e-05	0.000352921554781019	1.7808017654968
LRRC2	-0.638334533798947	7.79478664722139	-4.43083552058058	3.88833530222847e-05	0.000353504088409663	1.77871171684688
SYTL2	0.805292591937214	7.06306863742734	4.41343081218286	4.13375661307237e-05	0.000370707191078621	1.72027142042628
KCNQ1OT1	0.585820227473481	5.37137635833996	4.40314283054425	4.28583493226156e-05	0.000382424858205504	1.68578276902533
HAO2	-1.34424185271701	6.88750816327219	-4.39476953852934	4.41360904728454e-05	0.000391959170593718	1.65774343554783
SNORD59B	-1.01098096549611	3.52265882138457	-4.38816503730361	4.51699457061207e-05	0.00039909220822631	1.6356466659484
KLHL22-IT1	0.979806291212479	5.32004656301431	4.38598904889971	4.55156926559617e-05	0.000401252067021969	1.62837020372673
CDH11	0.640609775897703	6.51581210859937	4.38497485785606	4.56777161231182e-05	0.000402469973261444	1.62497940853959
RNU4-47P	0.730372780033237	4.70438927118499	4.38489363791032	4.56907157203897e-05	0.000402479345373965	1.62470787946592
FABP1	-1.04187708714616	8.13258701139531	-4.37956699546956	4.65511562757454e-05	0.00040760970906729	1.60690590845775
GLYAT	-1.20686452602432	8.04578930928214	-4.35424095709128	5.08621175896531e-05	0.000438861464975205	1.52241907936287
AGMAT	-1.22863418747766	7.82489881893942	-4.34890136499424	5.1819257652465e-05	0.000445547645926573	1.50463910547447
ACADSB	-0.630016507756105	7.52595904035465	-4.32763938647122	5.58068623316203e-05	0.000473410666118802	1.43395407199655
HPGD	-0.872112281179792	6.26945069141967	-4.32340772136993	5.66352717491685e-05	0.000478631920647108	1.41990780439107
NUPR1L	-0.64335943743556	5.69977877800928	-4.32251943207601	5.68106756183425e-05	0.000479873742948525	1.41696020777327
FUT6	-0.591440259062548	6.46713953348881	-4.32144972956238	5.70226011526456e-05	0.000481302155411067	1.41341105608563
RP1-90J20.8	-0.969287689927566	3.46122122124539	-4.319268381784	5.7457140342024e-05	0.000484121632267129	1.40617503333857
ABCC6P2	-0.64121627331269	6.38868362981319	-4.31837870080713	5.76352913175064e-05	0.000485137799107917	1.40322431666615
DPYS	-0.638637861189815	6.1567588427528	-4.31708662649774	5.78949723543098e-05	0.000486548677521314	1.39893959579766
NPHS1	-0.603951995448732	8.91620906429937	-4.31704200858277	5.79039598983872e-05	0.000486548677521314	1.39879164794525
SLC36A2	-0.933157276318999	7.04910373891973	-4.29706539235479	6.20668189634182e-05	0.000513215580050628	1.33263318828894
TNFRSF12A	0.606209896603312	8.80667677465469	4.28674279897437	6.43301601797477e-05	0.00052817458029245	1.29851103255793
CD248	0.638472142208116	8.97740192003959	4.28538181238889	6.46344756823369e-05	0.000530156779374459	1.29401545929309
HSPB6	0.591703823873116	6.79575003137111	4.28199019000665	6.53989228536581e-05	0.000535515220647244	1.28281567438967
CPXM1	-0.726037787946243	6.84903208075394	-4.27870667266256	6.61473474769711e-05	0.000540724498648113	1.27197740387464
ADH1B	0.958576789177953	5.39417037815417	4.27656970100552	6.66388870985844e-05	0.000544214888099847	1.26492606160514
HGD	-0.80686157849386	6.59309566708006	-4.27577007074157	6.68237240570908e-05	0.000545592245812373	1.26228801671774
F2RL2	0.635785630696995	5.69506400441494	4.26444749416743	6.94948963138302e-05	0.000562569089169335	1.22496241157535
DDC	-0.75208152966833	6.952631415565	-4.24660508710049	7.39153633683709e-05	0.000592588219871961	1.16625223360992
SLC6A13	-0.592146502964907	6.54997210510898	-4.24130726112339	7.52795218136978e-05	0.000601247870080041	1.14884549231478
FPR3	1.04832465457316	4.83922985622956	4.22410781059165	7.98783944486211e-05	0.000630353255513106	1.09241581530773
FOLH1	-0.613609051804786	4.80916449443385	-4.22069151936159	8.08236924633644e-05	0.000635878420407057	1.08122219328344
SLC2A2	-0.801397096720812	5.556457569836	-4.19586788093078	8.80250959930035e-05	0.00068124999698969	1.00003561598901
TMEM244	-0.687532702307683	3.70379166128031	-4.19459633350686	8.84102219917926e-05	0.000683639023984861	0.995884062665962
C1QC	0.913500955464649	6.93853792110216	4.17636753052311	9.4113789478791e-05	0.000717827862751602	0.936444108815525
RNA5SP268	0.711054235304649	4.79632084037671	4.17421202614341	9.48112943577185e-05	0.000720921384884123	0.929424972216721
POSTN	0.623546854119922	7.9265623645037	4.17030715162386	9.60876326355584e-05	0.000728889471160046	0.916714342839738
USP2	-0.679870935879162	6.29422100136294	-4.15734032680333	0.000100446216139666	0.00075502594922638	0.874553885189945
PPP1R3C	0.652127291177291	8.42553531553541	4.14686261101638	0.000104107146389835	0.000777862392259083	0.840539994540986
VTRNA2-1	0.998971537248631	6.06759673308019	4.12923132908327	0.000110560459073096	0.00081667002846545	0.783411873541799
MIR186	0.63232783696684	4.39939645103128	4.12765253948462	0.00011115681293078	0.000819459495414498	0.778303010628044
IGLC7	1.49651050126701	7.34331633762642	4.11494552777689	0.000116071076237608	0.000846252257455595	0.737223981207436
PAH	-1.04692778294289	8.22006385672312	-4.11186825026741	0.000117292362132729	0.000853311424188912	0.727286548791557
CCL19	0.972402327377163	6.6898179549288	4.0957821041827	0.000123881190393316	0.000893343400355561	0.675408128946079
ABCC9	0.790358629950449	4.41348205745537	4.0932011944815	0.000124971047767571	0.000898895846997116	0.667095330905571
SCN7A	-0.620437356707193	5.32597849510178	-4.08717181895877	0.000127553295211526	0.000914348876388742	0.647687043771594
PLG	-0.70759306320672	5.90298857931119	-4.06422386122773	0.000137860476470027	0.000976063745454605	0.573967843663469
SERPINF1	0.817365802010301	5.8707037605294	4.06420246553755	0.000137870451352322	0.000976063745454605	0.57389922176647
RNU6-638P	0.627372855648325	4.62191882427082	4.05061203880445	0.000144349113295915	0.00101215473078359	0.53035284262861
C7	1.05641913278442	7.82419920083002	4.04851177838504	0.000145376157646051	0.00101893245392327	0.523630674270407
EHD3	-0.67360379545082	8.72940728297412	-4.01410689830033	0.00016323774489465	0.00111877576379016	0.413799989173139
OR2T6	-0.605566070320899	4.45816766315256	-4.01272321634125	0.000163998628260431	0.00112230714661877	0.409394226036083
OLFML2B	0.708802262171422	5.7266309396186	4.01011329036213	0.000165443131507533	0.00112897557800648	0.401086399751241
SNORA79	-0.600345230163247	5.28488922166996	-4.01007834839445	0.000165462553573786	0.00112897557800648	0.400975195012085
TMEM207	-0.787040558933548	4.59812916257668	-3.99193329511304	0.000175850601778215	0.00118560681747808	0.3433038909594
FAM151A	-0.835111252821759	7.54430776030865	-3.9868378877543	0.00017887889056215	0.00120035745069765	0.327136393733203
VSIG4	0.812776425616377	5.10679507506764	3.9834387762041	0.000180926895477356	0.001209894688806	0.31635789076017
CDH6	0.91120671724646	6.73229452368842	3.98082500427622	0.00018251705880823	0.001217743415713	0.308073346679069
SLC6A19	-0.756625640526861	7.26805814242297	-3.98019722716906	0.000182900984193344	0.00121909887072535	0.306084035558786
DAO	-0.782202647144885	6.4267100209665	-3.97816983502668	0.000184146179514779	0.00122473553712788	0.299660857116202
APOC3	-0.640596515144328	6.09379812839195	-3.97696114160024	0.000184892420420723	0.00122848717568212	0.295832391876193
AP001059.5	-0.618474138025595	6.08502638275826	-3.97041755447199	0.000188983205640973	0.00124902267624727	0.275117834881588
MIR30C2	0.631008670758924	5.2876948248291	3.94202094220003	0.000207767055168475	0.00134961046329256	0.185457992567247
CALB1	-0.957036194473766	6.48276491668296	-3.94145370175396	0.000208159983047142	0.00135113659833486	0.183670859900277
MIR548W	0.614084759915769	6.73484825754889	3.93882943578131	0.000209987134572107	0.00136142399111161	0.175404903174233
IGKV1D-16	0.93490491485256	6.72848502776717	3.93586126860888	0.000212072316792961	0.00137204115929751	0.16605965963823
MSR1	0.73567789092742	4.36066777846608	3.93152685582122	0.000215153112565635	0.00138877545094051	0.152420326423734
ARL4C	0.634505747136716	5.72136782665484	3.91287200468616	0.000228910662410077	0.00146107657324774	0.0938203210039115
IGHJ5	1.23644969836674	6.02312511964195	3.90812980809734	0.000232540478561543	0.00147923005784836	0.078950322929165
RGS4	0.585969128012876	3.74836369748867	3.90646462479867	0.000233828130710751	0.00148599407605852	0.0737314059749288
CR1	-0.664721665645871	8.640135677409	-3.90589740575265	0.000234268311955657	0.00148823049720135	0.0719539664356379
MGAM	-0.684103687782961	5.54094699106494	-3.88583651083722	0.000250358511520176	0.0015697450740908	0.00919075403125458
CLDN8	-0.709380462746568	4.35273341466406	-3.87844607742574	0.00025654953154496	0.00159904809680149	-0.0138821728578247
ATP6V0D2	-0.653221442210683	5.42732026632256	-3.8660463170209	0.000267268497830168	0.00165545439875703	-0.0525346002223168
RNU6-850P	0.8012295719934	7.44434476755193	3.86459367197612	0.000268552012787013	0.00166157318737212	-0.057057871507566
CFH	0.60788715825892	8.25380878403956	3.85983029226567	0.000272802437260292	0.00168447137601484	-0.0718829367051246
CAPN6	0.585716727648241	4.76268474507281	3.83513476655191	0.000295894016711602	0.00179628325408306	-0.148564511059998
COL14A1	0.7089821586887	5.36231591271963	3.83433509703676	0.000296672233672648	0.00180021373392868	-0.151042532982862
CYP4A22	-0.885396973614101	6.12917228742988	-3.81550878606004	0.000315570890981937	0.00188972659277409	-0.209290249845246
CADM3-AS1	0.604406899842147	5.09123273647899	3.81401682040274	0.000317116967685959	0.00189864775397204	-0.213898802888163
C3	1.15209501641954	6.35534012942183	3.81323157272535	0.00031793360885097	0.0019028614289057	-0.216323920495804
RNU6-1280P	0.591226771892077	3.64835002607857	3.80326929658152	0.000328470777247419	0.0019531007950596	-0.24706422633769
KNG1	-1.03709602849609	7.93476671873166	-3.80071690102575	0.000331223851486594	0.0019670426685678	-0.254932111476595
TAGLN	0.601336896146025	7.77008552667806	3.79217899422686	0.000340594631258942	0.00201276743183518	-0.281226950396624
ABI3BP	0.71717972671332	7.03964462978129	3.78897129491212	0.000344180454691715	0.00202923156963013	-0.291096506515107
GPR34	0.72649034565219	3.78479695563889	3.78603189296277	0.000347498085039621	0.00204496255279861	-0.300136021640443
VCAN	1.16478493384779	6.32040970695367	3.78346870228561	0.000350416077713565	0.00205890052979638	-0.30801503429376
HRASLS2	-0.728946938875805	4.70470531181002	-3.78157473660419	0.000352587272158847	0.00206805406456711	-0.31383478801478
IGKV1D-33	0.80796208722015	5.59312665080084	3.77753022301477	0.000357267016274309	0.00208896198868904	-0.326256672091553
PSAT1	-0.883038996532411	7.13616004003057	-3.77656888100331	0.000358388064343677	0.0020933389103878	-0.329208022158771
APOM	-0.874870178628401	7.873113802286	-3.77218505881264	0.000363543006708371	0.00211831176537174	-0.342660583334712
MT1H	-0.654574661711425	11.3563486979938	-3.77115120983677	0.000364769016575825	0.00212398743549246	-0.345831724424139
PLVAP	0.737678266234597	5.64114676681605	3.76742298145864	0.000369223169882636	0.0021443688061389	-0.35726289101101
RNU6-901P	0.608493410205547	3.83545521846971	3.76474166526434	0.000372458707432664	0.00216055524077575	-0.365479760520117
NAT8B	-0.753163843710629	8.262216226926	-3.742079424158	0.000400910554461877	0.00229571040536052	-0.434782215375408
MMP7	1.1596650905294	7.70869299267326	3.73442131672143	0.000410986698038686	0.00233977232109817	-0.458141982459524
IGHV3-21	0.743491496871798	4.00971102419677	3.65156052163464	0.000536685874787219	0.002895527631652	-0.708957349027683
IGKV1-6	0.799139530985468	6.68662933789898	3.64832766784886	0.000542267557332302	0.0029201026426441	-0.718670327771989
MIR4295	0.693048150970132	3.63344980902176	3.6398416184171	0.000557183848556263	0.00298700149019351	-0.744140053057777
DEFB1	-0.659737635204023	10.7784746746937	-3.63602650206551	0.000564016631480519	0.00301739502039078	-0.755578188170544
SNORD63	0.594894271800174	4.60450098034353	3.62954614274301	0.000575806317321794	0.00307072418473682	-0.774989318781726
CCL11	0.767825133287899	5.20641600211595	3.6206223005427	0.00059242654250935	0.00313999104266194	-0.801683068544903
FMO4	-0.680853642579438	6.24081425637975	-3.61289016847259	0.000607196124446002	0.00319996071156405	-0.824777751244667
XPNPEP2	-0.800415552972972	7.56026500326677	-3.61025058451518	0.000612318005466962	0.00321961065715671	-0.832654467607183
COLEC12	1.07997226159551	5.71805594760863	3.56582462897342	0.000704950604356632	0.00359838546456337	-0.9646627831974
SNORD99	0.63435201836157	6.23463226450941	3.55453654608832	0.000730530604822147	0.00370539891615566	-0.998034258698411
FMO3	0.703826178255766	4.52347084916132	3.54529230334343	0.000752134249500034	0.00379044816282732	-1.0253116872013
RNA5SP217	0.858589088414219	5.30548815952394	3.54396140941745	0.000755294115369437	0.00380013690991606	-1.02923497262993
TMEM174	-1.03116025408893	7.18311941520532	-3.52570379506814	0.000799936736867728	0.00397434312172975	-1.08295774371599
MS4A6A	0.797221789189637	5.20043324651334	3.52191989688655	0.000809497510941774	0.00401238513434611	-1.09406887912671
RNU1-70P	-0.615689604813837	6.07067538365107	-3.52052990510029	0.000813036795651738	0.0040233536327912	-1.09814850399715
OR2T10	-0.776957895674663	4.86836908439106	-3.51577096651128	0.000825265979605085	0.00406841649594788	-1.11210790928122
CCL18	1.0305950144419	3.64562079536005	3.51309588036139	0.000832216746371225	0.00409634981146851	-1.11994925162931
BHMT	-0.766681310291757	8.61603475939979	-3.5100007225848	0.000840328395744667	0.0041233808941371	-1.12901698851141
SLCO4C1	-0.697017127251418	5.8361145205372	-3.50812160819231	0.000845289672293747	0.00414109657848978	-1.13451955323364
IGKV3-7	0.587354224250381	5.80194000013855	3.48667896936114	0.000903908676301367	0.00436485759199228	-1.19717066137057
SLC7A9	-0.72422986029936	6.69190388664043	-3.478333292494	0.000927750530823937	0.00446018646982936	-1.22148579237442
SLC13A3	-0.765079422576194	8.01938024508143	-3.47323636961064	0.000942603586879236	0.00450973225731666	-1.23631651253595
IGKV1-5	0.654753063547473	6.54482748238143	3.47237804790051	0.000945126929875376	0.00451667801522076	-1.2388125734161
RNU6-577P	0.658301748178401	3.92241058296632	3.46716634124279	0.000960586720486834	0.00457629050788585	-1.25395971461307
CTD-3118D11.2	-0.989981293277246	6.73628039599593	-3.42248018433406	0.00110334551123991	0.00511476637874756	-1.38320514658263
ACSM2A	-0.75642265201013	8.11926642177069	-3.40015320379795	0.00118198874800149	0.00542132179453593	-1.44735584595626
RNA5SP53	0.592741907749573	4.96914101845507	3.38327848019324	0.00124491581504489	0.00566053954737241	-1.49565107892344
LYVE1	0.771853582844606	5.61780827717979	3.36847179188744	0.00130272811707989	0.00586723548923921	-1.53789220953023
IGH	1.5642481703147	8.36514016125528	3.34892183257914	0.00138295414181165	0.00615213900552622	-1.59347017330818
IGKV1D-39	0.888606290663046	6.20512405942999	3.34056898694894	0.00141863487416231	0.00627120339529731	-1.61714825121787
ATP6V1G3	-0.766323233659294	4.53081242156989	-3.33685131930448	0.00143479353656205	0.00632898701953236	-1.6276737122975
CPA3	0.661621652155466	3.43237808807643	3.33671909185205	0.00143537144431026	0.00632937427777455	-1.62804792553323
CYP4A11	-0.945461570935376	7.55658076184683	-3.3166056131603	0.00152588338663531	0.00665889326215832	-1.68485091319736
IGKV3D-15	0.814219304164877	6.05524178569985	3.31544463660339	0.00153126887592249	0.00667283361283357	-1.6881223853229
MIR320D1	0.585191905655316	5.13843531197033	3.30539754699544	0.00157862959381554	0.00683066725310664	-1.7164004388621
METTL7B	-0.633967552021804	6.85915308132025	-3.29264553014569	0.00164073121519722	0.00702991824351338	-1.75220555566882
TINAG	-0.609409489974897	6.11828906400073	-3.28723576828378	0.0016677659215407	0.00712402671324455	-1.76736590516135
FOXQ1	-0.585494041058761	5.71987966560742	-3.25513086745017	0.00183704082956174	0.00770823336225211	-1.8569772585763
ACSM2B	-0.747542106454363	8.90058643442783	-3.24498709937013	0.00189380148996466	0.00789942927283627	-1.88516199208814
KRT19	0.598413377956438	6.78429434286676	3.23234473758975	0.00196685328984211	0.00814070123155466	-1.92020219766699
KLK1	-0.609120348102501	5.41475609116003	-3.20237554352602	0.0021507451795497	0.00875777411597825	-2.00287881245303
IGKV1-9	0.654822976754716	5.69500727526094	3.17997417878796	0.00229861570400141	0.00925042624882774	-2.0643195240194
IGKV1D-27	1.06056112943603	6.31939356935084	3.17486980360508	0.00233361835035729	0.00936892615478602	-2.07827626326694
SNORD114-30	0.62268821715656	3.08753281393944	3.16600246415903	0.00239561625396102	0.00958132844070285	-2.10248375190063
UGT2B7	-0.691645809710842	8.84336034776789	-3.16103010208897	0.0024310539494827	0.00970531306736065	-2.11603684035648
RNU6-287P	-1.05249619406338	4.81988825694102	-3.15565469352963	0.00246991650436021	0.00982821803533063	-2.13067128459682
VCAN-AS1	0.736338869577557	4.96648573162207	3.14952450834268	0.00251494610709901	0.00995936379699101	-2.14733871973546
IGKV1D-42	0.614045450230885	6.60360893837633	3.14920025157618	0.00251734923906193	0.00996653943186194	-2.14821969556911
LRRC19	-0.61756469308989	6.1905416095429	-3.14281036696918	0.00256514706355686	0.0101183659882422	-2.16556708645549
AGXT2	-0.762398770557351	7.30673671682991	-3.14002134243258	0.00258627494345731	0.0101867995670343	-2.17313082129227
IGLV6-57	0.66173744128704	5.81840919136588	3.1379136943786	0.00260234913109742	0.0102405429689118	-2.17884347214761
IGKV1-17	0.667387306671787	6.31815149639545	3.12678466584018	0.00268878802557634	0.0105119921417315	-2.2089620534469
SLC47A1	-0.590223102610651	6.94177428934638	-3.12434301657515	0.00270810830603689	0.0105752648615592	-2.21555955296455
IGKV3-11	0.817349378159945	6.20384414848748	3.11458253629516	0.00278664603429823	0.0108130844967246	-2.24189571324417
DAPL1	0.611558255715243	7.16420051580087	3.11296408627651	0.00279987303304757	0.0108556650194738	-2.24625690960443
TMEM52B	-0.764648128974892	7.30321928396313	-3.09134193618892	0.00298230878053125	0.0114082191808864	-2.30436341472428
ITGB6	0.609128666632747	3.98200686485288	3.08488378941284	0.00303891706475237	0.0115787890873955	-2.32166153746642
IGHV3OR16-9	0.752988478084982	6.00180272495781	3.08441799954397	0.00304303846740869	0.0115931823659497	-2.32290813303548
SFRP4	0.59714556332069	4.03935993947981	3.05595037218086	0.00330506818777288	0.0123884948078815	-2.3988345332663
SLC5A12	-0.804238693979873	7.43407087158799	-3.0473030366659	0.00338873870731689	0.0126448932861519	-2.42179563422736
RP11-545A16.1	0.642198616908858	7.44729897714343	3.04419333159539	0.00341930765775529	0.012732495246112	-2.43004107078884
SLC4A4	-0.734336706804856	7.60784641212776	-3.02984126272422	0.00356375108766457	0.0131678376809171	-2.46801540783061
IGKC	0.86626968545072	6.05952517834947	3.01373295220824	0.00373263096950502	0.0136690178422795	-2.51047864257808
CTD-2004A9.1	-0.939192323405793	6.91483872069402	-2.99675957922232	0.00391862072195902	0.0142158032000493	-2.55504067161991
FMO1	-0.720318890301403	7.29549916334789	-2.99009581493186	0.00399396932822795	0.0144224294011401	-2.57248463400553
NAT8	-0.658412713833261	8.91006279226523	-2.97417401543117	0.0041794887942999	0.0149375587551639	-2.61404647950727
DIO1	-0.600970990102197	6.17322175057224	-2.97323148935737	0.00419071822478651	0.0149693875571823	-2.61650163306164
SLC22A8	-0.664987171849809	7.92566255170914	-2.93888367807061	0.00461958292613282	0.0161959176823871	-2.70557521781637
SNORD69	0.658078657708135	5.53751820344163	2.93369066005044	0.00468785792086491	0.0163807843618202	-2.71897452976946
IGKV3D-7	1.04644116715153	6.30734007369406	2.92931055458526	0.00474617129431818	0.0165485364537699	-2.73026244765522
IGF1	-0.841918405315846	7.0637542565053	-2.91002717924428	0.00501097882369565	0.0172594694519936	-2.77980603523035
ACE2	-0.695285565805311	5.80156271417065	-2.90342961926209	0.00510467666514801	0.0175005140628901	-2.79669993673989
LOC730179	0.639466586493678	7.26576769588666	2.89467293473456	0.0052315437176275	0.0178369721090394	-2.81907768295401
VNN1	-0.587143554681437	5.18208641306864	-2.87383743801432	0.00554522708921612	0.0187172229678046	-2.87211642604386
RNU6-337P	0.625916782061341	7.1015726941474	2.84789312893911	0.00596011066831453	0.0198317477536576	-2.93775165044376
NELL1	0.872684522980081	6.71977476588483	2.84315177419543	0.00603895958717112	0.0200453802601169	-2.94969736945982
IGHV3-30	0.860493030645047	5.71097440729462	2.83369657472713	0.00619908066733732	0.0204533268202167	-2.97347393854164
UMOD	-0.862540227052911	8.31854922128457	-2.83247559222534	0.0062200407058819	0.0204964108865765	-2.97653985844398
SLC13A1	-0.709698062278609	6.57936673310977	-2.77598134366294	0.00726437158129363	0.0232780204999735	-3.11728350557416
TMEM27	-0.665930608670131	7.36822784509786	-2.77250717696545	0.00733357917317361	0.0234663398860708	-3.12586703582047
SLC27A2	-0.70757546432675	6.6262453603845	-2.76224720958592	0.00754151582005523	0.0240086776295565	-3.15116730913795
SLC17A1	-0.655121930980982	7.35659370458639	-2.75962055176754	0.00759561329441643	0.0241512569813977	-3.15763271306373
CUBN	-0.643486919586124	9.04926887736076	-2.70584374419564	0.00878447866715264	0.0271729768513335	-3.28894486590083
SNORD78	0.591050206116917	4.06435603252648	2.68949349715289	0.00917835252825091	0.0281128210784468	-3.328466729815
DEFA1B	-1.41591142304089	6.72676593243459	-2.6084835286479	0.0113785103071007	0.0334364590462254	-3.52148172247598
SMIM24	-0.590933860241671	9.3564701750791	-2.5965582643382	0.0117401280090903	0.0342513511391699	-3.54949748439131
SLC17A3	-0.602031067082745	6.70773142084618	-2.58272490304776	0.0121726654664549	0.0352507006695595	-3.5818669581723
IGJ	0.796072442423847	5.84512219736529	2.50145103662362	0.0150189399459717	0.0417715815719371	-3.76922251958275
