id	logFC	AveExpr	t	P.Value	adj.P.Val	B
NR4A1	-4.97783396732829	12.5202929372079	-17.2353915779327	2.3595333672243e-11	1.95252803366398e-07	14.9815651494304
FOS	-6.02146665461116	11.499518856654	-17.1563793734297	2.52128092009395e-11	1.95252803366398e-07	14.9335673959885
RGS1	-4.95917212361624	6.00151032451168	-16.8011266367914	3.4087430755307e-11	1.95252803366398e-07	14.7135892484715
NR4A2	-4.76515391491466	8.63033144851736	-15.9246196054834	7.35793024856268e-11	3.16096683478253e-07	14.1402388405232
DUSP1	-3.43803449655449	12.2911088842903	-15.4971405802712	1.0858008562105e-10	3.73168038262425e-07	13.843839217528
EGR1	-5.33192372208955	11.5927731280999	-14.3561901389877	3.22019608898331e-10	9.22264159884819e-07	12.9938761202493
ATF3	-4.41596808674318	9.8561621972178	-13.0095856524452	1.28549886402742e-09	3.15571606849245e-06	11.8678728733988
CYR61	-2.88516507983349	12.061514986265	-10.9609816996152	1.35644344840258e-08	2.91364052716874e-05	9.85200836423994
OSM	-2.79377770686247	4.94529444126823	-10.6401968042729	2.02479784428687e-08	3.85491340927957e-05	9.49831271717298
HEATR9	1.45850105705606	6.3405927132243	10.5593237207961	2.24331553147088e-08	3.85491340927957e-05	9.40736274489772
BTG2	-2.29305527316724	12.309062382221	-10.0742807880809	4.20239906104615e-08	6.56491140591064e-05	8.84633972603613
MIR27B	1.69908912995826	6.75253084570067	9.95729611583049	4.90612792510768e-08	6.85466619808507e-05	8.70694058412981
NUSAP1	-0.658779547925612	7.52926506414335	-9.86829831479802	5.52450461541338e-08	6.85466619808507e-05	8.59979923583533
JUN	-2.78305185298923	12.4487723148334	-9.86022014188917	5.5845744165032e-08	6.85466619808507e-05	8.59002715640079
FOSB	-6.75208752533035	8.90292301833124	-9.59344069849225	8.01186229116734e-08	9.17838944076131e-05	8.26284996001398
BEST1	1.12471309861261	7.98163464795134	9.52235923680608	8.83159986649263e-08	9.48513825661309e-05	8.17419821027002
RAB26	0.967502489791324	7.32061118580325	9.46547265148669	9.55133188079174e-08	9.65471100232501e-05	8.10279592026987
JUNB	-3.01150394916049	11.6929662629527	-9.34691761092703	1.12578409738996e-07	0.000107474855164162	7.95268043469707
RGS2	-1.59118830029552	8.69591924423412	-9.30492362858373	1.1937145594705e-07	0.000107962057841795	7.8990798148437
FLJ31356	-2.06456367870786	6.5646094453741	-9.09194808535103	1.61152077906727e-07	0.00013846186533746	7.62375343433582
SLC2A3	-2.9401671040129	10.2029149868023	-8.85903535544032	2.25050746696431e-07	0.000184155811011022	7.31587442483034
ZFP36	-2.95573804578146	12.3112920652567	-8.69479186694687	2.85873216626712e-07	0.000223292970659701	7.09442347756432
GDF15	-2.67705683704041	10.9110944480967	-8.48370341083557	3.90571045104239e-07	0.000279648868294635	6.8044334073896
DUSP2	-3.06996861323483	7.21354217663289	-8.39664227903187	4.4490079535396e-07	0.000305807010694498	6.68304331267956
GPR161	0.710494772258267	8.96964126258063	8.34610473985441	4.80040565126487e-07	0.000317269887351291	6.61209472666462
GPR179	1.50244533382957	6.36638734811872	8.30220038157171	5.12941577008272e-07	0.000326458817011487	6.55016841983034
NR4A3	-3.64349640056115	9.37835222085537	-8.16697555433227	6.30056191991593e-07	0.000386674485827983	6.35773164578241
REM2	0.861682906199678	6.23428343286608	8.05795839511962	7.44886742229869e-07	0.000432259149345334	6.20070202594957
TEX41	-0.925310180198312	8.09428089174076	-8.04952567557044	7.54642369667134e-07	0.000432259149345334	6.18848470726345
DIAPH2	-0.662045135541605	9.73937255600823	-7.90367778775799	9.4642458759723e-07	0.000524624519782929	5.97556252749022
RGS16	-1.89020324051013	8.81152037337989	-7.76390680006805	1.17875583248522e-06	0.000632991882044562	5.76862066242151
EVI2B	-0.853997847108642	7.97316964387626	-7.71662418675578	1.27033839051059e-06	0.000648856547110177	5.69796941872352
GDF11	0.73089617074195	9.39577389548763	7.69549695793902	1.31364950862197e-06	0.000648856547110177	5.6662944077997
HIST1H4D	0.981508871109071	9.72987042195766	7.66215943689024	1.3851762232315e-06	0.000648856547110177	5.6161796360566
CD55	-0.866459103390369	9.86312508204125	-7.65678021739943	1.39709568453658e-06	0.000648856547110177	5.60807797196156
CXCR4	-1.33034391269632	9.11100746194378	-7.58796242144285	1.55946038865297e-06	0.000705204403121386	5.5040545282031
GOLGA6L5P	-1.05269828394965	7.82173237370323	-7.54228103543113	1.6780949716903e-06	0.000723384273555107	5.43461674895936
MNDA	-1.12324935615517	6.86223280669533	-7.5353487454016	1.69691058721403e-06	0.000723384273555107	5.42405231403777
KIAA1107	-0.81692563456857	8.26579261452551	-7.49609294872446	1.80772169640606e-06	0.000739616419786709	5.36409394418807
CD69	-1.88852778119679	6.13273187479782	-7.45763525342592	1.92366846097511e-06	0.000750679653256808	5.30513225274335
IER2	-1.32608208091038	11.9853059683171	-7.3751391800099	2.1995251878914e-06	0.000792071914732939	5.17790835517985
ZFP36L1	-1.28817171761973	13.564410780988	-7.17218828161731	3.07018701148245e-06	0.00107669578786356	4.86057545021763
PTGES3	-0.612296546497662	11.9625701997273	-7.15294227977206	3.16973623244963e-06	0.00108937494836829	4.83016020518217
BRD7P3	-0.68507697759932	6.67512734509184	-7.13806622672302	3.24899850800834e-06	0.00109472137963952	4.80661258688828
ARRB1	0.58581500789969	11.4578086384071	7.11641476989554	3.3680945558551e-06	0.00110747521022305	4.77228019512416
CNNM1	1.43138422478803	7.10866776904261	7.08702829715686	3.53710698207757e-06	0.00110747521022305	4.72556892482136
ACTR6	-0.696419921358741	8.59664761495096	-7.07495662329664	3.60909053610865e-06	0.00110747521022305	4.70634246688998
TMOD4	1.14802150385182	6.38149871008769	7.00375194538461	4.066119657692e-06	0.00120469310685827	4.59248541806232
MIR3189	-3.21258441336697	6.37800244924486	-6.92695178702245	4.62769219134684e-06	0.00132537104360173	4.46881727964015
TMED7	-0.85126591841774	9.53023282885787	-6.86223937348983	5.16386494071425e-06	0.0014312234700199	4.36391630637957
NANOS1	1.03956019890734	7.39952510113286	6.80460063578462	5.69624829972089e-06	0.00143441543624048	4.26994432613228
DGCR9	0.88844735791703	8.48154908831682	6.80182197482125	5.72332248673559e-06	0.00143441543624048	4.26540129575789
NECAB1	-0.797672058705473	7.59458479049229	-6.69089368865415	6.92200987678143e-06	0.00158597090296816	4.08307375138253
HIST1H1A	1.38920949852915	6.78816383407526	6.66533036852989	7.23381029111433e-06	0.00161436098756505	4.04079004951732
CLEC2B	-0.831414156890948	6.62185487690401	-6.63842574290554	7.57788440269384e-06	0.00165810717415991	3.99617988578874
PTGS2	-1.56044146414888	8.18995531013952	-6.60951028335087	7.96682272400657e-06	0.00169672310182742	3.94811228490655
GADD45B	-1.93912097797038	10.7104027391092	-6.59914673753563	8.11125507851317e-06	0.00169672310182742	3.93085335367847
MSMO1	-0.688813625706571	10.2603690870375	-6.59654068495688	8.14800357437699e-06	0.00169672310182742	3.92651078220743
TMEM216	0.639452714709927	8.45461629077814	6.58469538499772	8.31724376546066e-06	0.00169672310182742	3.90675940183321
ULK1	-0.669714672584755	12.0288402806585	-6.55944951216268	8.69032530874028e-06	0.00173644825703945	3.8645917927498
CSF3R	-0.959946699567838	7.9760753941364	-6.53654111036417	9.04401151351798e-06	0.0017508622808777	3.82624417068295
LOC101928143	1.03585508044237	6.96328822333428	6.53501321654411	9.0681298299648e-06	0.0017508622808777	3.82368369536126
RPARP-AS1	0.600726240077016	9.00719225817549	6.50458387249829	9.56273013927535e-06	0.00175637105589154	3.77261535665052
LOC101926962	-0.89109610360397	7.81060997806405	-6.45738899061126	1.03863514182944e-05	0.00185265486220463	3.69313055551595
FMN2	-0.876557406980199	9.25667257407741	-6.4573701528308	1.03866945741299e-05	0.00185265486220463	3.69309876141713
KMT5C	-0.593995018619804	9.14961095180954	-6.43749921136098	1.07553508341674e-05	0.00185265486220463	3.6595307786747
HNRNPA1	-0.709909530640902	8.60723575088826	-6.43612857959184	1.07812782949524e-05	0.00185265486220463	3.65721315103524
COX14	0.599621122832888	10.8559246673787	6.42076599249979	1.10763911259722e-05	0.00187423641698684	3.63121666681694
PPP1R3C	0.625598356402085	9.53121128033924	6.40303206449854	1.14275773825452e-05	0.00188818740136209	3.60116269709411
PRPH2	1.14772191660538	7.37000318210096	6.36821273027285	1.21513610941097e-05	0.00193341656519612	3.54201448970369
LRRC70	-0.61960333436692	6.38879894947975	-6.34167084730227	1.27351500499638e-05	0.00198946198598708	3.49680341941493
LOC644656	0.911164343086183	7.37440243236201	6.31398933562241	1.33752874581418e-05	0.00205253294345926	3.44953702899532
CYTIP	-0.973789290165049	7.95798236252935	-6.29687217946501	1.37878504293306e-05	0.00205253294345926	3.42025111631779
RASD1	-2.38056018114287	9.97218454730935	-6.25804742815535	1.47736091700696e-05	0.00206952084917595	3.3536606861152
CCL3	-3.39846819496825	5.41313998238016	-6.2565428160347	1.48132602681938e-05	0.00206952084917595	3.35107544456739
LOC400684	0.761679202207949	6.35105715084865	6.24784146742879	1.50447555133539e-05	0.00208050097336491	3.33611796181058
UQCC2	0.6131193994022	9.64059968378777	6.23643623131601	1.53539164137506e-05	0.00208270678735972	3.31649517262583
CXCR1	-1.31256350548848	5.00736395749256	-6.23040897331405	1.55199667592489e-05	0.00208355553742917	3.30611727921918
RAP1B	-0.615042782386613	10.4895398706576	-6.20529824197272	1.62321867730173e-05	0.00212926639318725	3.26282180617629
LOC101927472	-1.78440038319549	6.90130169947345	-6.18857375616273	1.67253944214086e-05	0.00216147418098304	3.23393286303972
GEM	-1.41661207291262	9.39975275508812	-6.18281975834098	1.68986732981068e-05	0.00216147418098304	3.22398396033939
FSD2	0.993081169402937	7.05246821855658	6.17756951385926	1.70584156000859e-05	0.00216147418098304	3.21490170712692
DEK	-0.677997629029363	10.0800645883234	-6.17724773328904	1.70682570677055e-05	0.00216147418098304	3.2143449324755
BTBD8	-0.708277637250132	6.94763948227017	-6.17570048447386	1.71156615071772e-05	0.00216147418098304	3.21166752054737
S100A8	-1.87946843384624	5.14422957330125	-6.16785323917965	1.73582074590119e-05	0.00216147418098304	3.19808281877643
MYO1H	1.0880771939474	6.55694764797607	6.11511387626891	1.90841188980371e-05	0.0023094471770695	3.10654267644097
DNAJB9	-0.620188500580571	10.8116597761563	-6.10187552888913	1.95448248455748e-05	0.00231575929602998	3.08349905167406
RPGR	-0.654202003753381	8.62829451505927	-6.08218155070069	2.02517552709834e-05	0.00232004108384385	3.04916958110915
NKPD1	1.16121409067694	6.13931330739749	6.06573619406144	2.08624780877209e-05	0.00235648866882007	3.02045834707934
CFAP100	0.711292283307174	7.28665084605746	6.05887286157444	2.11230058362977e-05	0.00235648866882007	3.00846396447283
NFKBID	-1.34666194226612	9.28298264623901	-6.02153342549768	2.26010111620021e-05	0.00239738133214718	2.94308593983735
ABCA5	-0.609426962268367	11.5068226368893	-6.00929785001716	2.31084471472935e-05	0.00241362749866951	2.9216172151993
MGC16275	0.629952053726841	6.75282234967813	6.00657615515415	2.32229266667824e-05	0.00241362749866951	2.91683865100081
PLCE1-AS1	-0.727218936735202	6.0340360246916	-5.96582532259119	2.50094240222704e-05	0.00255810679999223	2.84515917164062
MIR3619	0.676125727329906	7.23750968846338	5.95713110781292	2.54087639345182e-05	0.002568377643828	2.82983433372193
CCDC153	0.643742952132235	6.7983269021246	5.94017716042268	2.62067006574552e-05	0.00257402025160532	2.79991821503547
EGR3	-3.31556371587148	7.01283595057105	-5.88473366585883	2.90032693084547e-05	0.0026940117826837	2.70178806906629
BOLA3-AS1	0.600632384983325	8.0888246030328	5.87145180093413	2.97182208373196e-05	0.00272699752403579	2.67821292828151
NT5C3A	-0.60400887591774	8.89071768317752	-5.86489962181744	3.00776504473751e-05	0.00272699752403579	2.66657332329786
IL18	-0.669580647401911	8.27657224487978	-5.85785316820871	3.04692460786122e-05	0.00272699752403579	2.65404861541195
HSPE1	-0.770171678112254	8.7043736127609	-5.81420158653189	3.30163037651976e-05	0.00285205718553154	2.57629770384919
SNORD97	-1.26423969421127	6.25060252012418	-5.74880410067072	3.72541866202006e-05	0.00310435621458089	2.45929243246764
RAC3	0.888572319084501	8.35849318181415	5.7445129118739	3.75513258677479e-05	0.00310435621458089	2.45159314118404
MSANTD1	0.591596977837919	7.18392108700975	5.74415807363516	3.75760063217427e-05	0.00310435621458089	2.45095636752603
CLEC1A	-0.999709035937965	6.91834333243944	-5.73809508362384	3.80003274382496e-05	0.00312439055836785	2.44007323062375
HPGD	-0.69217115096451	10.6577406316131	-5.71157315981534	3.99158511596746e-05	0.00325964386096646	2.39240352417522
HMGN5	-1.53032806979552	7.98244451860972	-5.67399219672958	4.28035527774379e-05	0.00343007738795341	2.32468285255172
GOLT1B	-0.672869015097548	8.43837129316521	-5.67251966635595	4.29210253919724e-05	0.00343007738795341	2.32202522633973
NEAT1	-0.85062074718827	18.1709005382638	-5.66761022371558	4.3315106679812e-05	0.00343007738795341	2.31316240486423
GOLGA6L3	-1.04908055975534	6.16430724292401	-5.65836617153438	4.40673617657114e-05	0.00344206156628175	2.29646510517659
EPHB2	0.593501842549088	8.64715603814653	5.64098635324612	4.55186480510218e-05	0.00347753757708413	2.26503925524918
MIR23B	1.42644217432924	5.99735388828352	5.64045290291531	4.55639706596101e-05	0.00347753757708413	2.26407399771428
HIST1H3A	1.11675384264034	7.79018841827689	5.64004044061081	4.55990460996143e-05	0.00347753757708413	2.26332763542743
KAZALD1	0.816287419686329	7.69410381866636	5.63816238629349	4.57591091019648e-05	0.00347753757708413	2.25992893553163
MIR133A1HG	-0.625000839608091	6.7110591613623	-5.6337146524715	4.61405125451106e-05	0.00347753757708413	2.25187789915198
TREM1	-2.57689178821396	5.06700823490857	-5.61779784008641	4.75326793027925e-05	0.00348050361640625	2.22304307911235
GPAT3	-0.947510889872197	13.1550335231536	-5.61028029024053	4.82052991564646e-05	0.00348050361640625	2.20941178339793
RSRC2	-0.615168630961474	10.6608879446724	-5.6040071126742	4.87741424606968e-05	0.00349222860018589	2.19803071462457
C11orf96	-1.63687417688913	10.2094598947797	-5.58868506783629	5.01930143356799e-05	0.00356411883613357	2.17020932781191
TMEM256	0.701303633886399	9.41351711119695	5.53932680837693	5.50622085195947e-05	0.00367168187145589	2.08036027987676
LINC00092	0.88238566833771	5.784299611714	5.52730934010505	5.63203169685436e-05	0.0037080778804117	2.05843247380519
LINC01473	-0.590584818676675	7.40461335266185	-5.51586032750293	5.75466671593435e-05	0.00377435850559603	2.0375230976864
PPP1R15A	-1.24033211423701	11.1482260195116	-5.48753596822418	6.07011043858365e-05	0.00389037585970382	1.98571560565321
LACC1	-0.594087082564288	8.32610280212309	-5.4844717246672	6.10529519524349e-05	0.00389037585970382	1.98010416983145
IRS2	-0.807665593132612	11.4152094438591	-5.48383163814388	6.11267156727207e-05	0.00389037585970382	1.97893183844914
LOC105375787	-0.885165930066587	6.10290987377454	-5.47525153884168	6.21244592057865e-05	0.00393928674166876	1.9632117255638
PKD1L3	0.805928777424483	6.84639549240286	5.46685388941866	6.31173467712982e-05	0.00395842513473718	1.94781601160633
CXCR2	-1.3302617398741	5.56736168799885	-5.4534297126681	6.47388508390724e-05	0.00399571786606495	1.92318472955621
MFSD2B	0.911584978410967	5.75866252838501	5.42468688668883	6.83575775561718e-05	0.00408776658326067	1.87036260427743
ECE2	0.725113788048095	7.20070089668963	5.40920444531976	7.03930895372246e-05	0.004119797041058	1.84186277486016
EMX2	-0.602401072837967	11.2447533204694	-5.40851369712017	7.04853544035761e-05	0.004119797041058	1.84059049280395
MAP6D1	0.67891154475447	6.74816396560656	5.39545481946439	7.22534386417083e-05	0.00416230758709661	1.81652522948185
PTGER3	-0.66963303062164	12.0124928272159	-5.36703122464501	7.62624837536809e-05	0.00426871179421255	1.7640652590561
LIN9	-0.604289077645752	6.77439424958963	-5.36005063338904	7.72818702138057e-05	0.00429777235519106	1.7511647983824
ADAMTS4	-3.34278831947065	8.47874077978483	-5.34817035247452	7.90493386672862e-05	0.00438188334083434	1.72919436007703
TRIM46	-0.97743333108675	7.51181563850325	-5.34528009412771	7.94856296342093e-05	0.00439190051329342	1.7238464724888
CA8	-1.14040839792491	8.55699268350562	-5.31874393478139	8.36097890212544e-05	0.00453940445067539	1.67469380773639
ELOVL4	-0.80303460606945	6.71282088692108	-5.31320394927964	8.4498400327489e-05	0.00456610223656469	1.66442025423002
C9orf163	0.603897079388151	6.22518002165953	5.29650178207846	8.72370672721009e-05	0.00467220336266715	1.63342238093426
CIR1	-0.67784263815838	9.25178681396642	-5.29625903136738	8.72775418654653e-05	0.00467220336266715	1.63297158162808
CHRNB2	1.10865943766915	7.24292967115292	5.27048807750783	9.16869220692476e-05	0.0048127151646621	1.58506930865106
LOC101929340	0.595248561211092	7.67319958245321	5.25795115251221	9.39147149469525e-05	0.0048127151646621	1.56173434154298
SMC4	-0.682560033704652	9.32979762170209	-5.25757305751946	9.39827654135722e-05	0.0048127151646621	1.56103027244015
TCEAL2	-0.863665954837132	7.42539047319988	-5.25690366683546	9.41033691414377e-05	0.0048127151646621	1.55978372137389
FAM212A	0.90701517608193	7.51890278622771	5.24523785891506	9.62310974866084e-05	0.00487552880404471	1.53805000648445
FAM222A-AS1	0.819933606470019	6.40861405028404	5.22704965381689	9.96482574597624e-05	0.00500793137897899	1.50412936283933
PPIG	-0.716340668027724	10.4156098815761	-5.22421360063987	0.000100192295054064	0.00501954635046365	1.49883629085884
WASF1	-0.671738917073013	9.03747950039932	-5.20009287284168	0.000104945370660744	0.0051191785279617	1.45377631919739
YEATS4	-0.686058352467105	7.25982418567086	-5.1991465062044	0.000105136541354623	0.0051191785279617	1.4520068742408
RNF112	0.7534038086818	6.30204461693129	5.19011353090453	0.000106979469049728	0.00513091378527285	1.43511188268118
ELF3	-1.30382500119164	11.9190112626051	-5.18680116681508	0.000107663606519649	0.00513914281787125	1.42891390700582
NPM3	0.608670953017993	8.23920517962788	5.17566569824487	0.000109996880133105	0.00514249529701326	1.40806728204075
SCML1	-0.586330007276265	9.10908828326749	-5.17504755080565	0.000110127925355033	0.00514249529701326	1.40690958678986
DCXR	0.832539402400224	13.1331886342449	5.16789818067981	0.000111655348572627	0.00516303596480496	1.39351635809425
EGR2	-3.06122946151123	6.65676014445655	-5.16736732226788	0.000111769633316309	0.00516303596480496	1.39252161689581
CHRM3-AS2	-0.8764033013533	6.24839487330498	-5.13777505231092	0.000118335427981698	0.00531844881542662	1.33701377919617
MBLAC1	0.625757715888923	7.61057375080721	5.13678664348598	0.000118561488414073	0.00531844881542662	1.33515784740861
SNORA63	-0.750017136558288	7.07433600003522	-5.13571155943006	0.000118807879160075	0.00531844881542662	1.33313902547375
MYH7	4.03801246723082	3.97954449846033	5.10453341705378	0.000126188353881725	0.00554080488597074	1.27452847927256
EVI2A	-0.587283692599224	7.7055943869792	-5.09335998295991	0.000128947236832883	0.00559672407834535	1.25349430824728
MIR126	1.27109431624483	6.05620795668715	5.09085327540581	0.000129574689925775	0.00559672407834535	1.24877325134081
SOCS3	-2.51107460052778	10.2385529672476	-5.08105863622969	0.000132056769028881	0.00563092684613472	1.23031883018494
KLF4	-1.25882679259259	9.70996112786472	-5.07363291928672	0.000133971222477639	0.00568434935075494	1.21631984259607
RPPH1	0.618654628840478	18.4254494761656	5.06375892380732	0.000136561358542078	0.00573758040388034	1.19769478681127
CFI	-0.776733248719967	13.1112757192393	-5.05875399060939	0.00013789393762219	0.00577653262702681	1.18824952109801
C10orf62	0.870963760831646	9.14970636797542	5.05015779584935	0.000140214116639484	0.00577653262702681	1.1720196685145
TEF	0.953523300142962	11.8096301788327	5.04698055475991	0.000141081845647646	0.00578603922579749	1.16601865439129
GLMN	-0.653904226664523	7.25192370661201	-5.04252223031349	0.000142308804313518	0.00580257588211166	1.15759590953441
RCOR2	0.853423735508552	6.16841763483538	5.04183800160479	0.000142498080903813	0.00580257588211166	1.15630303740608
FCGR2A	-0.58741405441855	9.41262287788708	-5.03618864964306	0.000144070811354454	0.00582233211022474	1.14562621978842
PFDN4	-0.611525578686166	6.98438399560678	-5.03512136568639	0.000144369940217409	0.00582233211022474	1.14360870210672
PXMP2	0.592465582933368	11.1809775181109	5.03120041124412	0.000145474384479051	0.00582711380626578	1.13619561682787
SLC25A25	-0.940668729512778	11.5966089908518	-5.02292991198648	0.000147832682960732	0.00586687488221066	1.12055300558419
GBP2	-0.592615187325476	9.72487980219614	-5.00899260082814	0.000151896500525875	0.00592303187335274	1.09417356793696
HAT1	-0.614693958114417	9.38295280085411	-5.0074616458399	0.000152349865457513	0.00592303187335274	1.09127446673524
CTSL3P	1.39414007198893	8.50992975026424	5.00456980701925	0.000153210044750601	0.00592763292206448	1.08579754957394
TMEM119	1.22799430904466	8.85820227829197	5.00325025594301	0.000153604209291918	0.00592763292206448	1.08329808806591
XIRP2	2.96489740278235	2.73538118087197	5.00121939086656	0.000154212896441591	0.00592763292206448	1.0794508634505
RHOB	-1.01214240474581	13.1907030424182	-4.99979742243318	0.000154640566847831	0.00592763292206448	1.0767568235283
WNT4	0.828132809118979	7.50687271434258	4.99511146132739	0.000156058593472253	0.00593298865094511	1.06787715311142
C5AR1	-0.992532978492738	8.63066737466455	-4.99104114687733	0.000157301202314048	0.00594079969354856	1.06016196555506
SLC10A1	1.29534822810973	7.62022019976816	4.98184337368502	0.000160146881467069	0.0059955642944011	1.04272049584554
MNS1	-0.940261133203625	7.24429268199586	-4.93809051392138	0.000174428558796495	0.00617890899833754	0.959615729038008
LILRB3	-0.699390291056589	6.34104705475836	-4.92693653824626	0.000178275237891183	0.00621750235501106	0.938393713488658
ENDOU	0.71942873041642	6.66059472400077	4.92388797063682	0.000179341738586996	0.00622587562803825	0.932590859333367
C10orf82	0.833076185889908	5.76513966060375	4.91986427159121	0.000180759451369848	0.006261315695696	0.924930218895709
CA14	0.675862630379576	7.27653251877848	4.91892696436594	0.000181091358284504	0.006261315695696	0.923145428449112
ZC3H12A	-1.28619312561982	9.92428202439396	-4.91003355401849	0.000184272000149469	0.00633306010113697	0.906205817245422
CXCL2	-2.89800535300963	6.51052592071789	-4.90546363938444	0.000185928720363041	0.00634962521773721	0.897497774631562
DUSP5	-1.5943736515992	9.7115008391281	-4.90471284082222	0.000186202369948001	0.00634962521773721	0.896066886102117
NFKBIZ	-1.39533430756948	10.7318659315334	-4.9036197147778	0.000186601532527775	0.00634962521773721	0.893983466179776
ICOS	-2.10071795292787	3.60785670697501	-4.90010749404684	0.000187890021899435	0.00635894423874137	0.887288494268788
SAMD5	-0.703388220307041	11.063732652103	-4.89838534303775	0.000188525154138561	0.00635894423874137	0.884005223181909
HSPA1B	-1.99991848668131	5.17135590109181	-4.88305385602861	0.000194277864034059	0.00642734347083807	0.854760849328316
GRK6P1	1.04804613635931	6.32808553412868	4.88113048069994	0.000195012215111536	0.00642734347083807	0.85109017004987
DUSP6	-0.731991289858106	11.0308849713519	-4.86928591564189	0.000199597968435309	0.00649600660907643	0.828476055320883
LOC100130238	0.756306454606928	8.8942258475354	4.85467320925393	0.000205408861639683	0.00661001100827024	0.800555020953052
ADGRL4	-0.783406106203513	8.6850603626454	-4.82669810574475	0.000217024371903305	0.00679911696403929	0.747035180973803
STAR	0.756346859852759	6.3248634414865	4.81704137442799	0.000221189161411102	0.00683704012448304	0.728540472981097
AGXT	1.55207356672967	11.2532642195797	4.81697727316962	0.000221217080377826	0.00683704012448304	0.728417670970654
PDK4	-1.87283006655294	11.4981525283876	-4.81475433302066	0.000222187517298181	0.00684458373099609	0.724158792656886
TLR2	-0.638560488217022	8.55428848941094	-4.80585422736415	0.000226117001988606	0.00687715851711894	0.70710185282649
ABHD1	0.656489540948765	7.50553682747154	4.80214372698471	0.000227776280604332	0.00687892373621237	0.699988162285067
CELF2-AS1	-0.703666382381102	6.88929006293491	-4.79837385708681	0.000229474942381514	0.00691308052564669	0.692759109519052
EPX	0.764063117674509	6.07040514929541	4.78821716127035	0.000234116600891941	0.00702104654402639	0.673275063331367
PDE4B	-1.14816873052782	9.21600849467104	-4.77983742000243	0.000238018853348207	0.00705271914049326	0.657191408514993
COPS2	-0.684384079165937	10.224156037014	-4.77618613367687	0.000239740042111899	0.00705271914049326	0.650180941530894
TMEM125	0.710832099013816	9.73544210007063	4.77611300553392	0.000239774644637724	0.00705271914049326	0.650040520884149
GCC2	-0.61476637714861	11.3108183736261	-4.77539529054505	0.00024011452331442	0.00705271914049326	0.648662334152387
HIST1H4H	0.816700197057719	9.952840334139	4.77305533894342	0.000241226068296903	0.00705271914049326	0.644168675195442
SAMD9	-0.637688066694567	9.12498669420908	-4.77197823724968	0.000241739500334644	0.00705271914049326	0.642100004024681
ZNF267	-0.723382334050362	8.69784937567309	-4.73973498383601	0.000257641045390702	0.00732997305296991	0.580116599621465
SURF1	0.676500840556185	10.8291154600637	4.72425102838034	0.000265655759381776	0.00747140518693361	0.550311693353534
MAFF	-2.30282074478929	8.97166686863722	-4.71761695358696	0.000269167652991043	0.00750939316156596	0.537534165572477
APOBR	-0.96477794479037	6.8752697056772	-4.69177861679646	0.000283306846728144	0.00774054401480369	0.487724974107489
ETAA1	-0.655319263078766	8.78090633628657	-4.69074243169981	0.000283889527774633	0.00774342483377666	0.485726065293331
LRRC19	-0.70294081279121	11.123618670584	-4.67632583552997	0.000292125379170684	0.00784325131996967	0.457903619692876
ADPRHL1	0.585998205394028	7.07385352526214	4.67144223703575	0.00029497058073988	0.00784325131996967	0.448474038906002
PRADC1	0.644884739680338	9.77775898091247	4.67112895672179	0.000295154067541603	0.00784325131996967	0.44786905411157
PIM3	-1.00321868101465	12.108242771484	-4.66849700206833	0.000296700227762614	0.00784495145156506	0.44278601929549
RAD9B	0.886232272672307	5.85931678245578	4.65793795449339	0.000302987313408196	0.00790065856389445	0.422386581435625
WEE1	-0.702322060943619	9.81088120922445	-4.65538524220407	0.000304527684480472	0.00791966456886203	0.417453223706252
JUND	-1.10436065887269	12.6217823513627	-4.64716125818595	0.000309545148658086	0.0079514172548615	0.401555190153982
CDC20	0.731326368265945	6.85196571634214	4.62975470044583	0.000320446760320043	0.00808598697406699	0.367884007357713
UFSP1	0.94154867035081	7.0120832532556	4.62325411196946	0.000324618425349335	0.00813127545650346	0.355301675561032
ZNF93	-0.711989575281102	7.03460788822815	-4.61026419405671	0.000333122308189207	0.00824114168005494	0.330146508788809
KLF10	-1.19097576090917	11.0348616539197	-4.60868379224395	0.000334172406162436	0.00824114168005494	0.32708492506555
DGCR5	0.823432590644336	8.66720896599797	4.60575590777226	0.000336126822953439	0.00824377582911678	0.32141233809005
FAAP24	0.704775786426879	6.15990297033629	4.60550533884362	0.000336294626176144	0.00824377582911678	0.320926838724588
NYNRIN	0.613974622317039	11.1513722191156	4.60386401711326	0.000337395928604917	0.0082589909361067	0.31774648435245
ZNF91	-0.754055886070354	11.6761132816362	-4.60212627529416	0.00033856596078642	0.00826209028272694	0.314379017361788
PROK2	-2.1605609827589	2.21712394179142	-4.60188878443789	0.000338726187853965	0.00826209028272694	0.313918775427785
TPP1	-0.678424622565956	13.6428832645272	-4.59674602744922	0.000342214979961275	0.00829643457650582	0.30395112211023
NUCB2	-0.826899359316013	9.43427780751263	-4.59362576500595	0.000344349680628007	0.00830943800303462	0.297902222986382
ACY3	0.603381912220801	12.0590337906233	4.58980380371121	0.000346983067614036	0.00832759362273686	0.290491758366305
RELN	0.921149801316252	8.7432090967378	4.58451288164013	0.000350662723930428	0.00836156507106125	0.280230816176692
LOC102723701	0.586300218409222	6.22906545452212	4.5812741902275	0.000352934848706251	0.00838842661157431	0.273948559709782
C9orf131	0.614732759969327	9.57831126009762	4.5723295920308	0.000359288750257373	0.00845072156103179	0.256593138560946
RPL32	0.661626323905042	13.3137133183022	4.57130244543637	0.000360025866867228	0.00845175477629295	0.254599661227632
PTHLH	-0.789295856003107	6.62640081548773	-4.55936814180956	0.000368704900331291	0.00859677748615049	0.231430462992613
LOC221946	-1.90633461333289	5.7549251951987	-4.55866928790513	0.000369219731366986	0.0085971163466264	0.230073301854968
CEBPA	0.735932792056245	9.64316919206495	4.55707416326314	0.000370397589078333	0.00861280071994444	0.226975430702065
ABHD14A	0.834065405489438	9.91780068064036	4.5481956818764	0.000377024315392318	0.00868469951166435	0.209728361722894
PTGFR	-0.745241706433897	8.42084228161064	-4.54649000741956	0.000378311251215499	0.00869104350385981	0.206414141358302
SDF2L1	0.604989341152786	8.95535016677042	4.53601484989984	0.000386314140707673	0.00877060251307976	0.186054504414812
VMP1	-1.1723349537914	12.1784971050906	-4.53272151241746	0.000388865899214316	0.00877060251307976	0.179651475513582
OSCAR	-0.827138523476233	5.51151830691041	-4.53134767462426	0.000389935482350118	0.00877978898334536	0.176980119064785
NAT8B	0.596996283052061	11.1571157050292	4.52332838916367	0.000396239234236001	0.00885715988420978	0.161383638936861
SYT10	-0.652211780154295	6.94303241237297	-4.52239469056192	0.000396979946513389	0.00885715988420978	0.159567339493742
BHLHE40	-1.18976751041823	13.1476566354705	-4.51896040392264	0.000399716628246865	0.00888580923647364	0.152886040072353
RNF139-AS1	0.717834066477217	8.01506208509939	4.51274046070343	0.000404722429364389	0.00893498835378313	0.140782651434347
RPSA	0.684273591145773	13.0534357477298	4.50712033888135	0.00040930072245707	0.00897120359018148	0.129843499485101
TP73	0.602879100189438	6.67633915846037	4.50217935267114	0.000413369590943445	0.00897508864017856	0.120223928637947
PLAUR	-1.3895598134725	7.77121970449976	-4.5014138757812	0.000414003652744639	0.00897508864017856	0.11873343475245
CD300LB	-1.24307399315785	5.13872103047674	-4.49994493644376	0.000415223200008261	0.00897508864017856	0.11587305380685
S100A9	-1.20429220156055	7.17083069375493	-4.4913710465563	0.000422415229082638	0.00901047080810702	0.0991738407178753
ZNF331	-0.761101580356527	10.5001160338169	-4.49041558226148	0.000423224562690638	0.00901047080810702	0.0973125024652894
LOC105370526	-1.21942539379587	7.27878423607349	-4.49004988892459	0.000423534746202031	0.00901047080810702	0.0966000749191425
HIST4H4	0.82445270781678	10.3261699833928	4.48945283151393	0.000424041674701662	0.00901047080810702	0.0954368891451693
SNORA53	-0.821944063754508	9.15252123203286	-4.48784642261809	0.000425408675060006	0.00901383806686947	0.0923071334964964
HIST1H4B	0.897785235149987	10.6399532774829	4.47813651214468	0.000433768117402435	0.00904273311240952	0.073384623802947
GFRA2	0.598816140677211	6.25416552682938	4.47060008370618	0.000440372181997802	0.00909537929741614	0.0586921667832137
CALB1	-0.992083232018938	12.6017685871404	-4.462971955994	0.000447161469834784	0.0091571972052721	0.0438160024860146
GTSE1-AS1	0.645610465643191	6.91381030828506	4.46233582043725	0.000447732470182467	0.0091571972052721	0.042575205244459
RPL35	0.720947700345285	12.3577939945665	4.46185867907009	0.000448161245905135	0.0091571972052721	0.0416445073889102
MUC1	-0.812655735317973	12.5749574583675	-4.43711106306331	0.000470986431987774	0.00938053450004137	-0.00665366256951749
CCDC82	-0.745235590567839	9.15128967674662	-4.43500412404132	0.000472983844693997	0.00938053450004137	-0.0107679791106872
RBM24	-1.21562897469109	5.70722045545305	-4.43487601876392	0.000473105569746277	0.00938053450004137	-0.0110181479618232
KLRD1	-0.96277167343732	5.89806069713988	-4.43416970334582	0.000473777283226514	0.00938053450004137	-0.0123974917913285
OTUB2	0.751997773867566	8.170360094272	4.43184677959582	0.000475993298051781	0.0093908941833775	-0.0169341545595616
NAMPT	-0.764393805071728	10.5050005703391	-4.42933428265131	0.000478402102222256	0.00941679464442983	-0.02184155164543
PER3	0.750354038619012	11.8919363093956	4.41490354037854	0.000492480839196613	0.00957858286511102	-0.0500375723777475
NHLRC1	0.699615881543083	6.35647179869694	4.40615971431214	0.000501216874179821	0.00966783771791386	-0.0671301903735326
FOLR3	0.845507022533806	7.64383043479077	4.40557033064129	0.000501811403852633	0.00966783771791386	-0.0682825503443887
MARC1	0.655043583070762	9.6757217770293	4.40105601492794	0.00050638911741143	0.00971181985892634	-0.0771098350717256
GPR34	-0.735979982111147	7.11822922113391	-4.39484366031717	0.000512758630066697	0.00975774562465794	-0.0892601044366286
FILIP1L	-0.629386699999706	9.57274918452279	-4.38608352203272	0.000521879865523749	0.00987663393079307	-0.106398552074698
EID3	-0.774602985324433	7.38784650368299	-4.37840288972021	0.00053001351958463	0.00995382767272381	-0.121429968093938
STK26	-0.722775020582785	6.68457737318623	-4.37600817764399	0.000532575886869469	0.00998013526713735	-0.126117484843665
MIR3064	-0.738548697617192	6.50037056372627	-4.37349969260099	0.00053527357346839	0.0100197615321142	-0.131028180043759
VCAM1	-0.613337593389334	12.457652400597	-4.37218657031845	0.000536691302569931	0.0100263606394416	-0.133598985634034
EEA1	-0.61688439820592	10.5861660574118	-4.37146051190613	0.00053747684782277	0.0100263606394416	-0.135020505684994
CASC10	0.650987960371229	9.52386964586677	4.37101449277776	0.000537959992409518	0.0100263606394416	-0.135893768330015
GJA1	-0.921297572355568	9.6638350321533	-4.36757717918294	0.000541698341976447	0.0100720128313128	-0.142624209382594
SLC18A2	-0.676949237602953	8.85742017833659	-4.36714721825917	0.00054216782291459	0.0100720128313128	-0.143466159054359
RPL9	0.713321364295137	13.0577900814212	4.36509939410026	0.000544409586747162	0.0100796772444074	-0.147476402663042
CISH	-0.917344313610077	11.3837656894142	-4.36418590458071	0.000545412641552443	0.0100796772444074	-0.149265387514845
UPF3B	-0.622747493719801	8.60619963690085	-4.3610331777903	0.000548889015138741	0.0101202884507984	-0.155440198579065
NDNF	-0.699742869603108	12.0225944992827	-4.35903591397737	0.000551103017868463	0.0101502189271722	-0.15935235335705
MYBL1	-0.883482821606395	6.03145277902159	-4.3560399483505	0.000554441223255809	0.0101789722013118	-0.16522128728962
FUT7	0.836190089773718	3.91066367878023	4.3542214540693	0.00055647751984424	0.0101963502200266	-0.16878394846103
TAS2R3	0.586777832353394	7.90417383581597	4.35249236290446	0.000558420792475343	0.0102084073381875	-0.172171687919843
LOC101927765	0.602481425609656	6.16114381379025	4.34850881665016	0.000562924208031828	0.0102414144671568	-0.179977343334094
IRX6	1.29014758167336	5.24302937656785	4.34826039357645	0.00056320627743617	0.0102414144671568	-0.180464161152755
PTPRQ	-0.785633527067098	10.5151791303993	-4.34485579165535	0.00056708657923899	0.010268602868917	-0.18713639116475
CLMP	0.989308023570976	8.76456388156768	4.34432910725934	0.000567689288027882	0.010268602868917	-0.188168647345676
MALAT1	-0.622244988058439	12.0578578592729	-4.33942742551102	0.000573329984460286	0.0103271514182029	-0.197776507624626
PLN	-0.834259386634165	7.96541357204643	-4.33530911522041	0.000578113444202119	0.0103590212984038	-0.205850239350655
PRELID1	1.07456090156036	9.73850118969125	4.32190531893261	0.000593966211756275	0.0105223869925978	-0.232136257033016
SCN4B	0.805980490095234	8.74602470632244	4.31591066447966	0.000601199128849365	0.0105360016680506	-0.243896502403314
MIR324	-0.937341258811194	6.09806500549108	-4.3153817425675	0.000601841607493181	0.0105360016680506	-0.244934259060487
ACTRT3	0.669501915383853	6.76865415038479	4.307320401559	0.000611720895372744	0.0106394856944183	-0.260753255913218
LINC00649	0.963520627970893	6.73273213829009	4.30168660738258	0.000618723334845455	0.0106963197042096	-0.271811337884317
PRDM1	-0.862696890154471	8.47030142250673	-4.29917281316329	0.000621874165470442	0.0107284581086357	-0.276746163754062
LOC100505658	-0.859218171578886	8.35307288362467	-4.29550431330967	0.000626501739665236	0.0107284581086357	-0.283948582452491
RPL37A	0.647820537372073	13.0727413595063	4.29492211675102	0.000627239367778986	0.0107284581086357	-0.285091703487443
TIMP4	0.899847516549343	6.55236747796947	4.29028957455013	0.000633140356153969	0.0107637654704424	-0.294188363054309
SCN3B	0.605733284507135	7.98407923272334	4.28920818656743	0.000634525978908179	0.0107637654704424	-0.296312036636595
UQCRQ	0.597842066876447	11.1509395838543	4.27638990284148	0.000651188219129731	0.0109384343670824	-0.321491204909874
FLT1	-0.621470837315146	12.7931553301901	-4.27481078190939	0.000653271547160378	0.0109520178208819	-0.324593871411086
GPR183	-0.708375734601467	8.00218905615637	-4.2717248428365	0.000657362465001591	0.0109915253121824	-0.330657628719514
C9orf47	-1.10219900211045	8.3288454432175	-4.27158608677252	0.000657547021701789	0.0109915253121824	-0.33093029435284
CGREF1	0.947685036712468	9.36888740619965	4.27003527612826	0.000659613324757121	0.011004655701579	-0.333977836578968
LOC101928069	0.622832908417209	6.4146008249383	4.26489225865967	0.000666513422326559	0.0110461883665641	-0.344085677967106
DUSP8	-1.22540775325705	9.80376508409719	-4.26413460308833	0.000667536130784916	0.0110461883665641	-0.345574887038799
C16orf89	0.703227897458461	10.0631361103157	4.2633987415215	0.000668530953283675	0.0110461883665641	-0.347021295417416
MDFI	0.855151585575345	6.64230771262953	4.26238383038593	0.00066990550888834	0.0110547427336334	-0.349016262123953
ABHD11-AS1	-1.06936730746692	6.48522144618152	-4.25818425057376	0.000675623966398877	0.0110769744802211	-0.357271917579129
LOC730668	0.91983392872315	6.81050677862964	4.25332887829604	0.000682297492701251	0.0110769744802211	-0.366818194844604
CCDC68	-0.788522172682243	7.84600931817065	-4.24694353234326	0.000691176376041677	0.0111503240783569	-0.379374936293425
HIST1H3E	0.831115686096966	6.48288073433365	4.24030961231267	0.000700525744610428	0.01124155660727	-0.392423289105324
GJA3	-0.718380852596778	7.43897216405836	-4.23781385479325	0.000704076377189555	0.0112757208440124	-0.397332961074529
PPP1R14B	0.726948337144755	10.1800942077424	4.23614090421408	0.000706466695785479	0.0112929522794211	-0.400624223694162
KLF6	-1.58381402668975	12.4032133688146	-4.2347877687305	0.000708406112291908	0.0113134299568998	-0.403286431425683
CATSPER2P1	0.589448266250302	7.02112869703565	4.22758508136507	0.000718821268455041	0.0113909375994711	-0.417459207159848
KIF20A	0.749990539987641	6.42684773136566	4.22517642013085	0.000722338935166072	0.0113909375994711	-0.422199473247261
UGCG	-0.720950451189688	11.2234300225502	-4.22454890329426	0.000723258253543421	0.0113909375994711	-0.4234344913217
ZSWIM4	-0.663279834115283	9.80705423247177	-4.22290798266533	0.000725667859065517	0.0113909375994711	-0.42666410893125
LRRCC1	-0.710369566167626	7.47930357987961	-4.22283268369565	0.000725778627781668	0.0113909375994711	-0.426812314440873
LOC284454	-1.53574756850574	9.55273476705979	-4.21764746674936	0.000733447952837101	0.0114473838524548	-0.437018847143569
LCNL1	-0.908353731544592	6.21855137401272	-4.20922390936143	0.0007460835292619	0.0115639449050522	-0.453603225634753
MXD1	-0.596246649648034	10.2397350818173	-4.20642305965642	0.000750333843798022	0.0116055236470074	-0.459118522865115
C12orf57	0.630625411107147	10.6001209283888	4.20282400030661	0.000755831691501609	0.0116590770078668	-0.466206311800096
CXCL8	-2.02379365402089	5.25528594923996	-4.19816627482874	0.000763007714891072	0.0116962752655559	-0.475380134042148
TNFSF9	-1.87263170334407	4.70126780427174	-4.19754433566849	0.000763971157428366	0.0116993072515565	-0.476605198962583
PLIN1	2.08325669611916	7.22894296425851	4.19261835973834	0.000771645871401838	0.0117515132905186	-0.486308953398161
SLC20A1	-0.847389224928277	10.9807994397884	-4.18834373411926	0.000778369402538302	0.0118053837715959	-0.494730763687786
GPBAR1	0.9190884108837	6.56688071241929	4.17522958832911	0.000799371253913308	0.0120135449849825	-0.520574717629382
DKK3	0.668057459692772	10.6114348996398	4.16927825624139	0.00080909159311086	0.0120669281897635	-0.532306221388449
LOC105369971	0.6148613451999	7.30550623882591	4.16444319106774	0.000817077280104118	0.0121273725169789	-0.54183876921585
HHIPL1	0.613058826365656	7.36622642149882	4.15905452968848	0.000826071897032779	0.0121956846426571	-0.552464297723882
HIST2H2AB	0.662081678837817	8.7056605710828	4.15722953914563	0.000829140920497064	0.0122300065045679	-0.556063235627028
PDCD2L	0.62657601140792	7.3478256316518	4.15093624928686	0.000839813428465098	0.0122969218841447	-0.568475203410681
SVEP1	0.755729937627018	11.7790080981164	4.15007240928668	0.000841289250044728	0.0122969218841447	-0.570179084561579
CXorf21	-0.592633492931644	6.14743214101896	-4.14892963078835	0.000843245678683653	0.0122969218841447	-0.572433220275152
VNN2	-0.753347629941017	6.78593128538608	-4.13970393045718	0.000859210553511567	0.0123564434708884	-0.590633536235807
HES1	-1.16286645896679	10.9717897613248	-4.13850091370793	0.000861314896066513	0.0123564434708884	-0.593007164470897
SCN7A	-0.687880953016812	9.2503297545844	-4.13801801683294	0.000862161063873087	0.0123564434708884	-0.593959972212576
MAFK	-0.633493604777604	10.8169463114713	-4.13386326987037	0.000869476355167748	0.012409536285052	-0.602158246860981
SCARA5	2.48448632724271	5.53795605130273	4.12668755933146	0.000882259729552906	0.0125405062545305	-0.616319712712312
DUSP10	-0.682618234001244	7.77295147981704	-4.123233513656	0.000888481042065144	0.0125556399891837	-0.623137321653891
GOLGA4	-0.607500984845331	12.9868080646176	-4.10776557127156	0.000916893422643306	0.0128200948532975	-0.653675460283923
DNASE1L3	-0.596458255504286	9.62673537445049	-4.10557353836507	0.000920993963202776	0.0128557135671133	-0.658004129954961
ADCYAP1R1	2.02352618734674	3.63741833680762	4.10349011628356	0.000924908613836853	0.0128804048941043	-0.662118542661058
LOC105274304	0.848438536510964	6.7845762055907	4.09458783575962	0.000941827080066196	0.0129786339565818	-0.67970145850841
MNT	-0.710516204264389	11.1249938269804	-4.08461640455483	0.00096115136400372	0.0131376598313746	-0.699400579469356
RET	0.939799432044794	7.7559513955731	4.08234992402646	0.000965599648919116	0.0131376598313746	-0.703878794000423
EIF5B	-0.599051845621538	10.9215742500039	-4.0798790034733	0.000970473019759952	0.013172676438827	-0.708761223559335
CXCL1	-1.51556497018189	6.49437748419376	-4.07428780014948	0.000981592971503654	0.0132299159609812	-0.719810236619058
PLIN4	0.745733731663741	10.6274111412332	4.07204181664968	0.000986096222276586	0.0132577673541104	-0.724249023203992
LINC00473	-1.92342468511308	8.33646311896461	-4.07192277126506	0.00098633549611118	0.0132577673541104	-0.72448430162929
ECEL1	-1.1312776777302	5.80408523444712	-4.07160647708582	0.000986971514411122	0.0132577673541104	-0.725109420941589
LDHAL6B	-0.740456779426082	6.81919250911875	-4.06486955560641	0.00100061782026085	0.013359612227275	-0.738425249858324
HIST1H4C	0.6843489478064	11.6987990664993	4.06373491597185	0.00100293493709363	0.0133703909689813	-0.740668116516273
IL1B	-1.98068816537456	6.19280545998194	-4.06207456959625	0.00100633546016017	0.0133949407803194	-0.743950262229934
TREML1	1.01080993806385	4.71790705959264	4.05591895147679	0.00101904519368479	0.0135009660070616	-0.756119649349543
TNNT1	3.01055545296795	2.72173432506359	4.05464222553053	0.00102170164738789	0.0135053239297796	-0.758643888176915
OLFML3	0.818238102370595	10.5697976587886	4.05243081306449	0.00102631953515292	0.0135098006186332	-0.763016280551764
LOC100506142	-0.961866186584518	8.3460224762781	-4.05222164088605	0.00102675742597387	0.0135098006186332	-0.763429865557884
PTP4A1	-0.682604801700048	11.5769499354566	-4.04562078485195	0.00104067387787803	0.0136406864358933	-0.776482350047595
C11orf42	0.830196110961909	7.64433656588363	4.04353039943905	0.00104512081284308	0.013688533573091	-0.780616249053912
KLHDC7A	0.748132477711586	12.696434062178	4.03984046318482	0.00105301766490394	0.0137291772031178	-0.787913831750167
KIF20B	-0.706280941567076	7.39822753209804	-4.03908210533432	0.00105464812138937	0.0137354222201727	-0.789413705621197
SLN	1.28919280554863	1.28610700562999	4.0371244285888	0.00105886895266982	0.0137420432607281	-0.793285692771285
ABRA	1.51955558668174	5.75923739571242	4.03626475495087	0.00106072785982591	0.013746265115572	-0.79498604667902
GINS2	0.832491120230181	5.74095284965628	4.03442015406033	0.00106472770502506	0.0137715331323126	-0.798634597066169
SELL	-0.748470234240603	6.8723120505123	-4.0271939087657	0.00108054520170339	0.0138982700195142	-0.812929171122735
PWAR1	0.634356394241791	8.04505690875633	4.02252184747056	0.00109089862229153	0.013958303741964	-0.822172311567914
CA4	0.587176493971754	10.9608765151855	4.01598276544701	0.0011055587415326	0.0140518117721223	-0.835110585516997
ETFRF1	-0.620002396063398	7.77506273585615	-4.00842062679999	0.00112276200253638	0.0141769046701051	-0.850075148676185
CENPX	0.645731695210031	9.47343959138442	4.00336450540794	0.0011344155611357	0.014177629557106	-0.860081813579369
ALX4	0.638645511052862	6.3817963113023	4.00022555973213	0.0011417120014767	0.0141883851642143	-0.866294638889861
DPP6	-0.621364164152995	9.4869547173099	-4.00015835237868	0.00114186874366569	0.0141883851642143	-0.866427664455107
ZNF92	-0.664106387639423	6.93109842715678	-3.99895692650545	0.00114467441662938	0.0141883851642143	-0.86880571131733
CCDC112	-0.602443476535787	6.48313307624977	-3.9988826335616	0.00114484814132271	0.0141883851642143	-0.868952765074616
AP1S2	-0.603415179124246	8.14197316698149	-3.99704267687358	0.0011491591927514	0.0142232641886291	-0.872594797663747
OLR1	-0.788894703292364	8.75104627261004	-3.9961735599648	0.00115120127207747	0.0142232641886291	-0.874315181075932
SMC3	-0.71270388703131	10.3710355137044	-3.98795185326944	0.00117070206668726	0.0144210353505046	-0.890591075967356
IMPG1	-0.669402403306959	6.62979742518798	-3.98082654549968	0.00118787319374773	0.0145698879096082	-0.904698440696516
CCL8	-1.59810177510023	5.39270931072634	-3.97647977814063	0.00119847358104884	0.0146789522571228	-0.913305444495135
CAMK1G	0.593871423110555	8.32456244221025	3.97437886708849	0.00120363136947586	0.0147298167935727	-0.917465673223314
RNFT1	-0.585413643453597	7.06257183217274	-3.96285888418566	0.00123231589505037	0.0149022634345852	-0.940280166003837
NSRP1	-0.705272873463615	9.49931268983734	-3.9604624348912	0.0012383695462641	0.0149439201425577	-0.945026701050335
CCNL1	-0.630877334997267	11.4101689096667	-3.9540726669906	0.00125465843229447	0.0150769583919918	-0.957683501090307
LOC101927318	-1.44267184843728	8.02349835276286	-3.94981500224852	0.00126563251405502	0.0151452849035665	-0.966117750964043
ZFP36L2	-0.608891614564058	12.937574077291	-3.94638619704201	0.00127454089211276	0.0151906972941166	-0.972910466220747
RPL36	0.587787569224202	11.9774304948751	3.94509848434293	0.00127790288580836	0.0151906972941166	-0.975461610839555
STARD4	-0.593765184018183	8.82017761493744	-3.94495904560929	0.00127826747481917	0.0151906972941166	-0.975737862048816
NR0B2	-1.06512777959836	8.3408356109409	-3.94267488358702	0.0012842548753812	0.0152197488127935	-0.980263247033244
RPL13	0.59477186987359	14.4780410999034	3.93780341380951	0.00129711939652256	0.0153088596908267	-0.989915120399232
L3MBTL4-AS1	-0.923555589874526	7.82444762942108	-3.93685263976368	0.00129964537580451	0.0153281442263725	-0.991798975042702
IHH	-0.623339394766624	9.09917176491351	-3.93390064795171	0.00130751991044599	0.0153682777982927	-0.997648188041689
ARID4A	-0.741572693948589	10.8260925433326	-3.93241297724956	0.0013115066182246	0.0153835697799123	-1.00059602106082
DYNLT3	-0.587748640599566	9.38430075235827	-3.92273437250966	0.0013377460006707	0.015589911431133	-1.0197757613846
KCNK3	0.881377804357346	8.36785330464045	3.91910492307227	0.00134772221165325	0.0156587278465514	-1.02696876313814
LINC00539	0.658531114421653	6.30855803743139	3.91598967095688	0.00135634512050563	0.015719760832749	-1.03314298269434
HOXC5	0.590578183326231	9.08422889587404	3.91564028252141	0.00135731569287084	0.015719760832749	-1.03383546274827
TMEM44-AS1	0.605109411326001	8.50319718325099	3.91414779777519	0.00136146961689187	0.0157439393651883	-1.03679356953552
RPS14	0.619460457023004	13.2403060322003	3.91252784648748	0.00136599287788175	0.0157593810835837	-1.04000437980674
MROH5	-1.42975276085935	6.47448292465554	-3.91197604496136	0.00136753710078793	0.0157610714553587	-1.04109808845439
RPL35A	0.591475995487436	12.4304346006419	3.90528574489074	0.00138640120050631	0.0158088375776379	-1.05435933169211
LOC105369486	1.15852440823038	6.60293821260666	3.89806002825511	0.00140707099409793	0.0159492796586932	-1.06868308422287
LCA5L	-0.591445502586833	7.1682994600957	-3.89470893008933	0.00141676270035562	0.0160168751598099	-1.07532648472318
MIR647	-0.77431834133058	6.9634663129216	-3.88147227528518	0.00145570942596148	0.0162954651364057	-1.10157003232045
MIR6883	-1.6428506616555	5.17105622488718	-3.87981487489494	0.00146066177436208	0.0163092995000897	-1.10485633232197
PTRHD1	0.600697786518849	7.82418745265686	3.87868234994162	0.00146405558246679	0.0163120091881954	-1.10710194044514
MOV10L1	1.11044869788479	6.03614057860945	3.87806527738941	0.0014659081038473	0.0163120091881954	-1.10832550367308
IKBIP	-0.585266286563223	8.12308308634289	-3.87784950922131	0.0014665564235865	0.0163120091881954	-1.10875334177214
ARHGAP26-AS1	-1.15634112945057	6.31278397524205	-3.87760313601416	0.00146729705712988	0.0163120091881954	-1.10924186656261
IL1RN	-1.52694888653324	4.60841429776063	-3.87120869492812	0.00148665258264254	0.016443306424319	-1.12192161272005
RPS2	0.598599808023208	13.5933004376511	3.87007960781847	0.00149009698108342	0.0164456175484506	-1.12416060158809
ITPRIPL1	1.01622281188996	5.0254018416998	3.86939547210277	0.00149218793439953	0.016458124175046	-1.12551726044391
CEACAM3	-1.83270214827281	2.99065911421804	-3.86709580255993	0.00149923828970247	0.0164935408260225	-1.13007763158279
MCL1	-0.720114132022367	13.0109423019377	-3.86570539703827	0.00150351734433268	0.0165194642231539	-1.13283493163024
MIR6723	-0.890855517152136	10.191209492699	-3.86225930623725	0.00151417620813697	0.0166047249270107	-1.13966899962379
FCGR3B	-1.97956529263936	5.80400018624886	-3.8545167291786	0.00153840377741156	0.0167528076749305	-1.15502438120358
THEMIS2	-0.847049849985799	8.76173592392486	-3.85050632001406	0.00155110659076379	0.0168488528174252	-1.16297839760224
ETV4	0.748833758715542	7.58436464606885	3.84609083819116	0.00156521513718563	0.0169161364260364	-1.17173612637919
DGCR6L	0.610287182776482	10.9185008283531	3.83276504233303	0.00160858571165483	0.017243878271414	-1.19816857456453
CXCL3	-1.65888653241406	4.65836732745649	-3.82960638681329	0.00161904280362356	0.0172612651475294	-1.20443432907273
ALK	0.611374585653306	7.20944040050613	3.82596733770159	0.00163117547440881	0.0172770834231662	-1.21165320204977
RPL30	0.596143275866128	12.9374279395702	3.82158098257586	0.00164592183509033	0.0173305887341865	-1.22035476068343
ESM1	-1.25861667984793	8.72335777903771	-3.81234558128831	0.00167741184024595	0.0175119350320695	-1.23867654603928
FCN1	-1.08391730710736	7.76948259043664	-3.81043310618988	0.00168400849294373	0.0175169503285382	-1.24247076378753
LINC01567	-0.921762145920921	8.28781840432666	-3.80323531188755	0.0017090713768812	0.0177133187818616	-1.25675104676106
FAM87B	0.707088082574905	7.56763595596193	3.7994982048644	0.00172223226791117	0.0178087769549055	-1.26416560498261
MYBPC1	3.37247191792116	2.54835508600046	3.79915007742708	0.00172346345879934	0.0178087769549055	-1.2648563096188
NMRAL2P	-1.01100067498134	7.58586899668161	-3.79607364313051	0.00173438230191415	0.0178617021792439	-1.27096017993441
C2orf40	0.863927510948693	9.81398937576799	3.79480933902628	0.00173888977675503	0.0178761431685175	-1.27346867686681
NR2E3	0.605599813940392	6.37662614098859	3.7946817247695	0.00173934540140603	0.0178761431685175	-1.27372187621949
ERFE	0.991913156811085	6.3572623963741	3.7879768960313	0.00176345410239931	0.0180158304263645	-1.28702511874444
ZFAND5	-0.685768583088372	12.4567283185103	-3.78664262229382	0.00176829187275475	0.0180206435175917	-1.28967253336972
VNN3	-1.94906972585932	2.94411828790183	-3.7810580269935	0.00178868611863331	0.0181370699408154	-1.30075341786468
IFRD1	-0.703806009458367	10.6063167827372	-3.78052789985268	0.00179063437018971	0.0181428425809787	-1.30180530113701
LOC644794	-0.843197219945615	9.22744958175239	-3.77476311050087	0.00181195909540158	0.018287758757438	-1.31324396972097
PCK1	-0.773159454101467	16.2798871863635	-3.77173618603923	0.00182325849899623	0.0183346223360903	-1.31925016562816
NPTX1	-1.31594332756262	5.92827288627997	-3.76263184984228	0.00185767495258594	0.0184949515557571	-1.33731579620005
CH25H	-2.15949352339604	5.10187537260694	-3.76199260882477	0.00186011590765544	0.018507518742185	-1.3385842491359
AK6	-0.675471359676201	7.39594615959178	-3.75959962691981	0.00186928231509154	0.018546043477213	-1.34333268369923
MFAP2	0.69819504389238	6.15776911029841	3.75824387686134	0.00187449576951931	0.0185867197142378	-1.34602293106764
TMEM92	1.03629234506952	3.47507690577088	3.75140653367681	0.0019010126646895	0.018748981003464	-1.3595905254833
GAL3ST3	0.737738661033458	7.42879411749814	3.74581342013501	0.00192298517199364	0.0188170897004179	-1.37068923665662
HIST2H2AC	0.610658769319777	10.9727346350255	3.74449449283347	0.00192820376967156	0.0188305727182271	-1.37330646225778
SLC26A7	-0.633457641896008	11.6408040846389	-3.74438354979746	0.00192864338827279	0.0188305727182271	-1.37352661321568
FMO2	0.825144120290632	9.8800460460861	3.74174106200324	0.00193914432606848	0.0188488462707463	-1.37877026575634
DTHD1	-0.803240480321967	5.0052134390156	-3.73858625243817	0.0019517566799436	0.0188488462707463	-1.385030559075
ENTPD3-AS1	0.587401612009055	8.06202455467778	3.73475098392875	0.00196720080223898	0.0188488462707463	-1.39264113768727
MYL2	3.15632198638872	2.44975462042479	3.73423773527208	0.00196927691070101	0.0188488462707463	-1.39365961127374
C9orf84	-0.590929400438956	9.65290012253484	-3.73399561472544	0.00197025706306651	0.0188488462707463	-1.39414006723198
LOC102724708	0.644725824676629	6.29790775775445	3.73360343250789	0.00197184573836678	0.0188488462707463	-1.3949183005538
USH1G	0.815661579883566	6.29092297292281	3.73254905159257	0.00197612329212171	0.0188758769604333	-1.39701057868797
COL17A1	0.871086638216948	6.92827497917848	3.72784312141229	0.00199532924255063	0.0189749516900886	-1.40634886067679
SDPR	-0.658654439059253	10.2362005744031	-3.72730561316424	0.00199753486914099	0.0189811992379099	-1.40741547180596
REL	-0.713866040533638	10.6486316187552	-3.72542669218363	0.00200526420857438	0.0190063211032224	-1.41114392894054
KCNK10	0.716897473878371	9.84515069903604	3.72067485140183	0.00202494666214963	0.0191611692964644	-1.42057326946684
LAMP3	-1.36426401438123	4.83572101754044	-3.71663684797492	0.00204182526096457	0.0192466951642431	-1.42858606395195
LINC00235	0.966030119660448	7.58252782064774	3.70795512872986	0.00207859577922137	0.0194753973365931	-1.44581342412639
FABP4	1.59833939629502	6.63408297507084	3.70032184886748	0.00211147637433362	0.0197086420513574	-1.46096007956257
BHLHE40-AS1	-0.631687640804339	6.12403794457563	-3.69792355170775	0.00212191486212157	0.0197524295724253	-1.46571893934879
GRASP	-0.855418400372146	10.0780308522801	-3.69105868819541	0.00215208199936839	0.0199360523326935	-1.4793404637317
RPS16	0.623424901578442	12.9929703963444	3.6823532598409	0.00219095909604698	0.0201011431428036	-1.49661363445196
CSRNP1	-1.2512543842683	10.9146174409561	-3.67842901455995	0.00220871455848925	0.0201778580399146	-1.50439986031728
GPRC5A	-0.640729398436571	9.51918258233207	-3.67413593746981	0.00222830472003493	0.0202384716221355	-1.51291774057744
HCAR1	0.724455712621833	7.21123891269303	3.67140667878008	0.00224084967694116	0.0202972670631801	-1.51833276290632
ZNF835	0.736560447306684	7.87673677721758	3.67039212080407	0.00224553115862145	0.0203090565419742	-1.52034569143479
MIR1914	-1.06619274511752	6.77236568812796	-3.66913884116365	0.00225132776263107	0.0203293832228336	-1.52283223997533
G6PC	-0.963960606535734	14.0928494179828	-3.66869525252276	0.00225338303084717	0.0203372552531921	-1.52371233072157
PIM1	-0.728546532818422	10.7851817260309	-3.66773881337795	0.00225782090140656	0.0203666112177272	-1.52560992243651
ARHGAP33	-0.733122293180823	9.53688648415273	-3.66689567072062	0.00226174036847315	0.0203912625875354	-1.52728272393343
FAIM2	0.733952364799805	6.32082497249032	3.66648796475102	0.00226363810133255	0.0203922028267888	-1.52809161297133
LINC01719	0.802796302542	8.09454702104742	3.66603898514709	0.00226572980224715	0.0203951288223232	-1.52898238686166
HIST1H3C	0.711695068454652	8.16169322554932	3.66328127874934	0.00227862008715967	0.0204468969074422	-1.53445361762384
SEBOX	0.916559170757259	6.09040019937466	3.66290451401145	0.00228038690846	0.0204520713126182	-1.53520110423112
LINC00864	0.65303447860137	8.01692564556963	3.65186561463171	0.00233276947528045	0.0207486080037367	-1.55710109849924
CFAP47	-0.646066723911958	6.82373944928257	-3.65100762170521	0.00233689121321275	0.0207745155757103	-1.55880320017428
NRXN1	-0.694524835080739	7.05344251396305	-3.64899509990722	0.00234658798296793	0.0208346568570081	-1.56279563818844
DEPDC7	-0.697901718405486	9.42014796205173	-3.6445086236253	0.0023683506758864	0.0209566107180391	-1.57169570292221
LOC101927377	0.853478984847212	8.18161570009601	3.63667034099104	0.00240686014350509	0.0211698534665611	-1.58724422332762
CFD	1.39657503251977	7.99822095391958	3.63659504574541	0.00240723310484523	0.0211698534665611	-1.5873935792691
MRPL41	0.587044200635155	11.0052126334041	3.63504852173252	0.00241490639323739	0.0212155021711964	-1.59046125054489
PADI4	-1.96400299483784	2.98333642246856	-3.6343064756619	0.00241859687810601	0.0212155021711964	-1.59193315304179
PFN4	0.60524427749051	6.6847632960333	3.62787979496508	0.00245079732498735	0.0213454137012583	-1.60468056591157
MOGAT2	1.05096525586973	8.23244165066162	3.6267204867871	0.00245665166117884	0.0213747352636441	-1.60697999624559
HIST1H4E	0.612628920486317	11.3034333029209	3.62145058306392	0.00248344152123185	0.0215315131689445	-1.61743229213584
PATL2	-0.610622088502905	6.84839479843601	-3.62006380441953	0.00249053994397904	0.0215821676234674	-1.62018273776656
ZSCAN23	0.606744159279731	7.62724044806914	3.61409071351968	0.00252134775694609	0.0216544276390132	-1.63202896336416
RPS29	0.613736764499729	11.9621417848131	3.61055705037375	0.00253975348962355	0.0217560620446967	-1.6390368320722
SLC38A2	-0.611157716829478	12.2638292516012	-3.60261397660988	0.00258162053237835	0.0219309369003299	-1.65478840596134
STAP1	-0.813856243613823	7.12398337463462	-3.59991734217821	0.00259599120376347	0.0220174326119795	-1.66013568579551
LINC01159	0.776389711282059	9.60200593306592	3.59970152558224	0.00259714478028878	0.0220174326119795	-1.66056363159446
TOX2	-0.704439142836891	7.37755262308041	-3.58748435761226	0.00266329375692209	0.0223466991791745	-1.68478751798873
FOXF1	-1.13843821261073	7.24062703884383	-3.58271745233523	0.00268956013644945	0.0224564698268636	-1.69423826434353
CYP2E1	1.1141985644688	7.69507610590428	3.58170451516288	0.00269517497972049	0.0224652047729747	-1.69624641631903
CTLA4	-2.16542978547839	3.35392490247275	-3.57257468970951	0.00274631653928732	0.0226984685147369	-1.71434515725256
SNORD133	-0.734099122783254	12.2351374812883	-3.5723677621219	0.00274748687794767	0.0226984685147369	-1.71475534032684
KCNMB2-AS1	-0.67432034908639	6.36798027890049	-3.57120681653048	0.00275406222450311	0.0227133574731657	-1.71705660848258
SLC22A7	0.784674970280669	13.4561637457069	3.57031738878985	0.00275911043008113	0.0227398338755463	-1.71881963984103
CHRNA10	0.763303028322115	6.91900730294141	3.56606468002778	0.00278337650589588	0.0228434942554015	-1.72724910012852
WNT11	0.873531742036079	5.06208221797109	3.56511408611077	0.00278882982790605	0.0228750605072733	-1.7291332417192
SOX9	-1.31282419243763	10.0500489356552	-3.56167648126508	0.00280864011407764	0.0229694226151395	-1.7359465971217
GPR4	-0.781048126826768	8.80601653267983	-3.56138974593875	0.0028102988802532	0.0229694226151395	-1.73651489337994
FGF7	-0.658023115941309	7.13597762111258	-3.56006732042419	0.00281796184577232	0.0229714688604134	-1.73913584977441
HIST1H1E	0.612075509161073	11.3505637094827	3.54984266213586	0.00287792157093025	0.0231739072935987	-1.75939869808286
LINC02202	0.614377664833587	5.56155221630213	3.54963014297518	0.00287918130830033	0.0231739072935987	-1.75981982757562
LUCAT1	-2.22751687389295	3.45706285580108	-3.5491711247893	0.00288190409022465	0.0231739072935987	-1.76072941660757
FOSL2	-1.04359201994388	12.6049536010097	-3.5471096973113	0.00289416382749947	0.02323986505222	-1.76481425540486
LOC100147773	0.606704179585633	6.75299908275832	3.54500984018705	0.0029067058663091	0.0232764576744654	-1.76897510976557
TNFSF10	-0.671077241510812	12.0195663213124	-3.54161218239365	0.00292711491009915	0.0233338165471102	-1.77570725564473
LOC100192426	-0.589978597714177	6.77738202365944	-3.54153335495544	0.00292759011147403	0.0233338165471102	-1.77586344061079
HAO2-IT1	1.53362100305041	7.8461167663099	3.53807464531876	0.0029485168096649	0.0234353898507316	-1.78271616839496
LSMEM1	-0.912059553830231	7.89901514669645	-3.53752260273417	0.00295187075294082	0.0234403636869386	-1.78380989241092
DES	1.6288290264688	7.25388194377039	3.53576466045496	0.002962576651615	0.0234878767083034	-1.78729271625881
SUMO1P3	-0.612163684789651	6.73261844583227	-3.52939953535319	0.0030016668828702	0.0236437073135965	-1.79990240320369
RPS9	0.604476603243574	13.5120076402491	3.52869803416917	0.00300600651462738	0.0236437073135965	-1.80129203475895
MSRB1	0.589915660735228	11.6284773038582	3.51810775477082	0.00307228903899162	0.0239538179882178	-1.82226866236685
BCL2A1	-1.18110196472362	4.55874143757394	-3.51093243517877	0.00311802792173739	0.0241569845839203	-1.83647884568909
NPIPB5	-1.12525371068137	7.63782521812233	-3.4962857134564	0.00321352025376181	0.024619318787625	-1.86547954262547
SLA2	0.895621061127108	6.91496929987439	3.49565519574125	0.00321769613414638	0.0246403254764578	-1.86672778727069
KLHL6	-0.723964162313042	8.22508722360948	-3.48836417812783	0.00326638037329516	0.0249686300421281	-1.88116074587197
DLL4	-0.682846141895528	9.89236836893908	-3.48754705564316	0.0032718822643538	0.0249771382608527	-1.88277814749428
CENPF	-0.960860889907254	6.53620242864066	-3.48403327639171	0.00329564728330207	0.0251141476347063	-1.88973295878187
NOL4	0.870546357418105	7.13761529406438	3.48020598361254	0.00332172924276699	0.0252011458312177	-1.89730771279332
GRIK4	0.66904309971198	5.029723088649	3.47878212025387	0.00333148509504173	0.0252366732172374	-1.90012557991565
LOC440028	0.854146062603197	5.89368933683833	3.47768967172584	0.00333898962561124	0.0252429378471199	-1.90228750807665
LOC100272217	0.604033370022123	6.81257896944251	3.47088909260602	0.00338608764204912	0.0254534252147734	-1.91574450896226
MB	2.56608372211513	2.91039379857342	3.46711820193744	0.00341248901062767	0.0256182661243451	-1.92320546936744
ASPM	-0.868680507020779	5.3321080534764	-3.46552990463363	0.00342367076776816	0.0256573739526071	-1.92634782978738
RPL8	0.601881045862307	14.276283995806	3.46442719683181	0.00343145546899317	0.025670931989194	-1.92852940992336
PLXNA4	0.643991695069866	9.03016396135937	3.45610349403085	0.00349079143416772	0.0259005872213895	-1.94499507886656
MIR23A	-1.60255203882807	5.54345778997332	-3.45537551455788	0.00349602939226352	0.0259282559674822	-1.94643498874195
SUSD3	0.614636154974031	10.3451233149577	3.45451557946311	0.00350222691889116	0.0259453005798718	-1.94813586829479
PTPN5	1.15773846919309	5.50314252203807	3.44983953410567	0.00353611972815546	0.0261016672717455	-1.9573840736068
MBD6	-0.587293081547088	11.9010608104324	-3.44829883824071	0.00354735860325499	0.0261621503168814	-1.96043100473055
FPR1	-1.10172744060646	6.63200805322749	-3.4472973411902	0.0035546833334974	0.026193687136715	-1.96241153626599
SIGLEC10	-0.747143024681691	6.1317874874545	-3.43769077055965	0.00362571590564273	0.0265038302452858	-1.98140668449861
THCAT158	-0.632821732256972	7.05175957854368	-3.43764243502096	0.00362607686840473	0.0265038302452858	-1.98150224701188
IGSF10	0.850208594592388	6.6234363627262	3.4363672593861	0.00363561267046839	0.0265600174452139	-1.98402330942635
SLC19A2	-0.599137081449941	10.2256241349995	-3.43371186688788	0.00365555023941727	0.0266512411175844	-1.98927283681173
TMEM217	-0.887086280038179	5.60880587356977	-3.42441261483463	0.00372623683034816	0.0269743847097133	-2.00765392192202
ESF1	-0.671998272095307	8.94298576884962	-3.42212931353565	0.00374380062672618	0.0270422320175127	-2.01216644006839
PLAC9	0.597222601982822	8.23117148695127	3.41898180938936	0.0037681476915646	0.0271369591425583	-2.01838643294678
SLC8A1-AS1	-0.901120067361302	7.71137767444799	-3.41853124239359	0.00377164589693782	0.0271369591425583	-2.01927678444795
SNCA	-0.595977254956772	7.94219376689783	-3.41839466804739	0.00377270690127862	0.0271369591425583	-2.01954666260274
PPP1R27	0.716088459255142	5.54344156370035	3.40854966969446	0.00384997969092659	0.0275548267920998	-2.03899819055438
TMC3	0.939528249425978	4.01819822974684	3.4040973195039	0.00388544266410465	0.0277158350933891	-2.04779325887814
HCAR2	-0.720855318669742	7.69692081431993	-3.39718603379995	0.00394113775470389	0.0279506855868063	-2.06144339389315
PRR36	-1.00450186977818	7.96302682360853	-3.39640858175047	0.00394745253165667	0.0279575522376572	-2.06297872645414
HPSE	-0.846370575118262	7.51167127273349	-3.39484410882707	0.00396019041294247	0.0280279703690294	-2.06606818050988
SSB	-0.641855169314626	9.96543854417465	-3.39204693086166	0.00398306719910039	0.0280984698734303	-2.07159156653232
RASL10B	0.798077117376241	7.03035662603761	3.3920267398168	0.0039832328102698	0.0280984698734303	-2.07163143464372
ANKRD22	-0.716381059421407	6.59486225544536	-3.37939664964359	0.00408818467417598	0.0285509047756252	-2.09656527421798
SERPINE1	-1.76932793184203	8.79087293050948	-3.3793007318397	0.00408899217737962	0.0285509047756252	-2.09675459404048
GADD45A	-0.612340072965869	11.3169584532412	-3.37689715893453	0.0041092791319013	0.0286117717190405	-2.10149851042278
LINGO4	0.628452337952414	6.4942848021951	3.37428543345215	0.00413143671846591	0.0287211816397309	-2.10665284588321
CEP290	-0.585427372447864	9.87702621990828	-3.37425702756041	0.0041316783643747	0.0287211816397309	-2.10670890358446
WSCD1	0.788738738669347	10.2318044601864	3.36522457569277	0.00420923524394751	0.0290231421973093	-2.12453141678604
BIRC3	-1.20562698017587	9.1902166892489	-3.36344260128164	0.00422470659482163	0.0290854800181951	-2.1280469241806
PPP1R1A	0.951529723606827	10.8930997819706	3.35950501616741	0.00425909446876185	0.0292753117404815	-2.13581431756413
CSNK2A3	0.735386704972099	7.28425785929155	3.35853671941673	0.00426759346724869	0.0292985721698768	-2.13772425100716
MMP25-AS1	-0.733061243526019	7.54705027830876	-3.35681904922415	0.00428271150375956	0.0293788880162093	-2.14111214585414
EDAR	0.601164496480797	8.36630892598845	3.3556342676247	0.00429317041100294	0.0294036828787065	-2.14344886847862
KLF9	-0.604156334885891	12.3709133704588	-3.3541607477634	0.00430621371994161	0.0294343582193622	-2.14635493318645
SULT1C4	-0.64271380105113	9.88977476767504	-3.35343552342529	0.00431264774969463	0.0294666158770388	-2.14778516162413
MYLK2	1.677253502698	2.72779257581925	3.34410821412274	0.00439625596920568	0.0298244226509398	-2.16617653969495
LOC100506175	1.05893172975943	6.78348386649644	3.32926590375935	0.00453263901986178	0.0303619036153312	-2.19542979617353
EEF1A2	1.5156385276795	5.16166396213582	3.32293665142064	0.00459207031703695	0.0306090521054938	-2.20789955441566
TMEM200C	-0.610505950099644	7.69201350886164	-3.31688909969991	0.00464958057240074	0.030826464212652	-2.21981156254169
PCDH18	0.68622317156597	9.72417856857651	3.30819062124619	0.00473355874002887	0.031138831202351	-2.23694036053341
FAM134B	-0.683423301976978	10.9716985190308	-3.30720236663965	0.00474319460812228	0.031138831202351	-2.23888603985507
CHST6	0.717892200351623	4.69664744383907	3.3065214013883	0.00474984563265124	0.0311650810811298	-2.2402266831647
BRE-AS1	-1.29371712242488	7.7511532703242	-3.30041058428549	0.00480994679907349	0.0313796984796047	-2.25225568838609
DSCAML1	0.600943904303142	10.9398296539518	3.29797594116158	0.00483410208949059	0.0314572868018995	-2.25704741816005
MIR554	-1.03158881090733	5.48807919742456	-3.29789118262232	0.00483494518907659	0.0314572868018995	-2.25721422684446
HIST1H2BE	0.725179970476696	7.81209765779098	3.29773645823349	0.0048364846211952	0.0314572868018995	-2.25751873006561
SCD	0.868368551046085	11.6147575933461	3.2881666291671	0.00493265267233339	0.0317820410653832	-2.276348809605
GPR37	-0.780868631569414	5.5870140039541	-3.2826539028763	0.00498891060280694	0.031988596939789	-2.28719258596022
ITPRIP	-0.978247198028377	10.8706895094735	-3.28022112361212	0.00501393964525068	0.032035028602036	-2.29197718142444
THBD	-0.844960931069288	10.0426068573189	-3.27704317155614	0.005046823191315	0.0321678819434559	-2.29822658838899
GNLY	-0.90104766529462	5.95265369798305	-3.26124616422041	0.00521348657141823	0.0327710950661758	-2.32927864919478
OLFM2	0.814123889505329	7.02270833642803	3.25409686425502	0.00529069889994135	0.0331375853194728	-2.34332494090866
PRIMA1	0.646677714553788	6.74587680461763	3.25304639844869	0.00530213913415786	0.033190660190728	-2.34538842350763
KDM6B	-0.84734550062756	12.5901470838991	-3.25106947882884	0.0053237356416435	0.0332451686174803	-2.34927152183169
PER1	-1.02271542572541	12.846872507728	-3.24921768705234	0.00534404437402336	0.0333086900700825	-2.35290852810005
GFI1	-0.599558193806406	5.71114577628359	-3.24332484618849	0.00540918443186643	0.0335807172244193	-2.36448030886746
ADAMTS19	-0.746330023507878	8.09182422813052	-3.23904638795458	0.00545697187168589	0.0337450941217195	-2.37287996355315
NUAK2	-0.604893386709378	11.5753365164671	-3.2206078431348	0.00566775311207488	0.0345237150474822	-2.40906001273692
FAM71C	0.792639640586692	7.35662422853787	3.20433772868061	0.005860435078228	0.0352858151311387	-2.44095835421646
TTC24	-1.31827894576479	3.1158380462191	-3.20414301656475	0.00586277985050063	0.0352875688094581	-2.4413399403276
LOC100506804	0.612520688228988	6.49571398229032	3.20225478485015	0.00588556666022535	0.0353679828696034	-2.44504019867246
MYLPF	0.748499614528631	3.86477928049942	3.20188742670262	0.00589001004750108	0.0353679828696034	-2.44576004811591
NRARP	-0.963998385467546	8.96034667438957	-3.2012962379998	0.0058971677573712	0.035395365261148	-2.44691847219836
MYADM	-0.798059846044081	10.848201445307	-3.19599968116816	0.00596168033292884	0.0356208326985568	-2.45729542890185
NPIPB3	-0.888613997178902	9.30781027771807	-3.19465146324954	0.00597821302376653	0.0357042569244783	-2.45993639366167
CIDEC	3.19836279963847	2.16047951913612	3.18792178048148	0.00606141773901455	0.036054409347592	-2.47311612062543
CLNK	-0.645389019061257	10.3036226432903	-3.17981712676296	0.0061631449145738	0.0363943237842049	-2.48898249551651
FCGR3A	-0.594722059118262	8.15985850425514	-3.17612103040257	0.00621009632069058	0.0365826089738984	-2.49621603034353
CYP2S1	-0.919227713893299	6.5367958259477	-3.17415073814347	0.00623526930035568	0.0366573627418821	-2.50007145302143
P2RX5-TAX1BP3	0.682519552994926	6.31057022277406	3.16969968657155	0.0062925092938939	0.0369046005823456	-2.50877965890849
MIR200B	0.691963167290342	6.0370768389608	3.16908769802844	0.00630041992696525	0.0369132001448929	-2.50997681199193
PHLDA2	-1.20718983986154	5.81236352461299	-3.16529633987288	0.00634964711298789	0.0370896177282321	-2.51739245791403
VNN1	-0.684146006273126	11.0291966451101	-3.156573875583	0.00646434862382514	0.0374901676516407	-2.53444713681813
GREM1	2.4457769155167	3.21384654294264	3.15401815385409	0.0064983430156683	0.0376491997239528	-2.53944266494052
ADAMTS1	-0.722471614031825	12.0423491172841	-3.14997401393127	0.0065524966267249	0.0378099738192212	-2.54734605220678
LOC102724050	-0.759203765612899	5.26522231983379	-3.14650039806274	0.00659936642310627	0.03797840342085	-2.55413302700856
KCNS1	0.71068709477634	4.91331085436527	3.13665452517133	0.00673402518798902	0.0385083157505502	-2.57336317033801
ACTA1	2.60783275997781	4.28312929487803	3.13453557025977	0.00676335842372472	0.0385713414806751	-2.57750030000597
NR1D1	-0.816200238267639	9.96809142355794	-3.12950789976442	0.00683346359282602	0.0387860171443165	-2.58731445791283
HCRTR1	0.662509195826901	5.85415632822253	3.12415226412526	0.00690893115064398	0.0390162461013071	-2.59776559706796
ZNF804B	-0.670411096638819	8.45877507330904	-3.1233221477502	0.00692070193772358	0.039068772042655	-2.59938521048455
SQLE	-0.632312243609142	9.60365612332587	-3.12161556881973	0.00694496290013053	0.0391542790275076	-2.60271460829315
HIST1H3D	0.631219409282618	8.38783060571623	3.11910719864064	0.00698077468048947	0.0392392844876197	-2.60760761479422
CRIP3	0.658053670125028	8.49494481740093	3.11409146653521	0.00705293127044636	0.0394456972885912	-2.61738942962391
PCDHB16	-0.60774124423045	8.08901012081867	-3.10856719878514	0.0071332554884721	0.0397335048019139	-2.62815953196956
ZNF100	-0.738714559836127	8.35061490908025	-3.1076735861011	0.00714633336479589	0.0397701183090031	-2.62990137306262
LINC00861	-0.595234139935985	6.20604810623948	-3.09922445582813	0.00727115975366095	0.040217319674496	-2.6463657356204
GRIK1	-0.627240516831781	7.69616765976465	-3.09903772794569	0.0072739425947587	0.040217319674496	-2.64672950370883
DHRS4L1	0.607141723175995	7.6146769849697	3.09724193491229	0.00730075931289891	0.0402792850786068	-2.65022770302794
NFKB2	-0.661132557116929	11.0271461848029	-3.09692500854286	0.00730550210883013	0.040288109190673	-2.65084503342063
HIST2H3D	1.04947345448117	5.72472195803361	3.09556288783726	0.00732592082359101	0.0403618542586047	-2.65349812224325
LOC105747689	-0.852706018558252	7.03431478349303	-3.09175975804867	0.00738322953360229	0.0405946257080633	-2.66090450342342
HIST1H4F	1.07101690555584	7.01809326928577	3.08879625564395	0.00742819219009715	0.0407684620231969	-2.66667451007655
XRCC4	-0.591242876368319	7.55348864073627	-3.0850671810991	0.00748515383271388	0.040976388487211	-2.67393354022647
CKM	1.41583160192112	5.65623572885868	3.08463408744963	0.00749179717825738	0.0409996951309474	-2.67477648851571
SNAI2	0.648773643819201	9.13622334702731	3.08400371031199	0.00750147709545141	0.0410202604445353	-2.67600337561373
PTP4A3	-0.617505615368559	10.0201257888098	-3.07709887597263	0.00760831618071266	0.0414158792707673	-2.68943878101558
TRAF1	-0.695038052192354	10.3979724912161	-3.07689315838636	0.00761152215720122	0.0414158792707673	-2.68983897245623
HABP2	-1.36913906469559	10.280224675003	-3.07399651415771	0.00765680604057354	0.041571739336877	-2.69547336530064
ERVH48-1	0.646047565511479	9.03856142876201	3.06391750848874	0.00781645096131304	0.042120060281333	-2.7150700379821
RBM44	-0.697297722093142	5.92188350810786	-3.0604018301562	0.00787290443069534	0.0422880378556473	-2.72190247184971
C17orf82	0.666119352203374	6.01402744188261	3.05491364525396	0.00796183494206497	0.0425953211844472	-2.73256504642909
CDH19	-0.92591592725009	5.13193151803535	-3.05085255950264	0.00802827647977191	0.0427378881748453	-2.74045243664626
LRCOL1	0.743994057902496	4.58022619589901	3.04990578669169	0.00804384444263467	0.0427677669870774	-2.74229092926113
MIR645	0.941461418088303	6.07061700649925	3.04895541168833	0.00805950150914026	0.0428112747861101	-2.74413629553009
CHI3L1	-0.85454626029693	10.0674168900764	-3.04769578749178	0.00808029955387195	0.0428728578774867	-2.74658195088972
B3GALT5	0.894225240567794	5.38433874001386	3.03630760301491	0.00827074572362982	0.0435430436626393	-2.76868318405062
USP12-AS1	-0.729358381652363	6.08420131432145	-3.03178672662033	0.00834756694035627	0.0437998749017045	-2.77745198508577
FBN3	-0.626317122319037	9.86981645614089	-3.03044514623871	0.00837049848600281	0.0438800018253424	-2.78005360142383
SLC17A7	0.810142292354179	4.8343985607784	3.02841103297803	0.00840538562755854	0.0439978482145916	-2.7839977113796
PP14571	-1.01552892029046	6.25108308516229	-3.02654493032576	0.00843751689839729	0.0440968036441786	-2.78761554311385
APBB1IP	-0.810402443348078	8.9741684217891	-3.02008835967709	0.00854962275525663	0.0444762034302346	-2.80012918284114
ATP8B3	-0.595470204046877	5.60964395120355	-3.01429980839975	0.00865137318393154	0.0446950144199482	-2.81134309322702
ICAM4	-0.740979968898322	5.99577459589151	-3.00776662945505	0.00876764187753669	0.0451492831955621	-2.82399377002921
SAMD13	0.620235984897305	5.47986131092314	3.00030133377844	0.00890237828901401	0.0455835722641289	-2.83844179902252
S100A4	0.785875073581906	8.73774734965933	2.99455169643396	0.00900753354531378	0.0459182853625183	-2.84956384339108
SCARNA10	0.785282650507474	13.5628909322807	2.99352959092731	0.00902635405547195	0.0459854337649659	-2.85154048321409
LGR6	-0.945602992698755	7.00367212414998	-2.99325789403704	0.00903136342749782	0.0459909289472998	-2.85206588908896
APCDD1	0.860285294704527	7.9020217911856	2.99259022041379	0.00904368515583128	0.0460191547876235	-2.85335698589808
THRSP	1.03801522114999	6.37084967751252	2.99072536766464	0.00907818793735791	0.0461323255751686	-2.85696274593704
C14orf132	0.595416658129087	9.67184895110001	2.98781210259125	0.00913234668614845	0.046292011176798	-2.86259461037082
ADIRF	0.920608747831247	12.1134214647821	2.98168730460979	0.00924724488541566	0.04663536113346	-2.87443078875679
HOXB-AS3	0.633137471908832	9.70646540693871	2.97970188090213	0.00928479387893761	0.0467237757307873	-2.87826640580823
ADIPOQ	3.51575725548057	2.38584107648607	2.97836858933548	0.00931009341482599	0.0467928181457648	-2.88084184034065
MEFV	-0.808010736377298	5.8997274455382	-2.96570963649764	0.00955369245617026	0.0475962345314477	-2.90528076502003
ESPNP	0.668447271382014	10.2780442548692	2.96545899915102	0.00955857805912627	0.0475962345314477	-2.90576438674948
POM121L10P	0.728768495072824	7.34832073090544	2.9631941006058	0.009602838264447	0.0477889292604278	-2.91013421825605
EDN2	-1.41794830434729	5.55830222199116	-2.96110792543448	0.00964378354021379	0.0479371641177419	-2.91415851743172
CD86	-0.766259803531036	7.09657846369716	-2.96076794609915	0.00965047249210092	0.0479565411521869	-2.91481428398731
AKR1B10	-2.37283045700174	6.61991535014173	-2.95776086027297	0.00970983390681145	0.0481957786986274	-2.92061368869101
FAM27E3	-0.820997357772595	6.71966276312004	-2.94571209799885	0.00995129105290178	0.0491038833672298	-2.94383633061374
CTGF	-0.660971393192282	12.8587357357244	-2.93803831901986	0.0101081278630139	0.049557223736956	-2.95861455630521
ZNF192P1	0.64028945007587	6.19887524026725	2.93335852493349	0.010204958446246	0.0498754283106632	-2.9676222492947
