id	logFC	P.Value	adj.P.Val
MIR4521	2.1942078386385457	8.837214924704342e-26	2.979908872610304e-21
RP11-342M3.5	0.7959825442539943	2.218544266765437e-22	3.740465633766527e-18
VTRNA1-3	1.8025822128977298	8.258897853227713e-20	9.28300118702795e-16
PFN1P2	0.8619568228155687	2.2599051472313165e-18	1.5240800312928e-14
MIR1285-2	0.7085890643319104	7.321324106448233e-18	3.5267864124204916e-14
MORN2	-0.7379354679871515	1.1448318601397956e-17	4.2893033693237677e-14
RNU6-199P	1.3095227296737812	1.141386467689074e-17	4.2893033693237677e-14
UNC5B	0.7030191463330207	6.765591938842247e-17	2.07396145616146e-13
MIR30A	1.242685368315822	1.6206238082638439e-16	3.643162320977121e-13
HSD17B14	-1.0100729631105692	4.908273427030473e-16	9.19483221997042e-13
SNORD3C	-1.456980183616035	6.549411327927058e-16	1.1623481577773704e-12
MIR503	1.1789975071399192	9.412659523033533e-16	1.4420705792589893e-12
RNU6-212P	1.3434411523148357	1.5752249544608071e-15	1.967280943126608e-12
SNORD3B-1	-1.483768672737284	2.0449612672509453e-15	2.3777963424724784e-12
SNORD3D	-1.450176805384535	4.006971529752973e-15	3.6517589184667635e-12
MIR1254-1	0.9375749716903172	4.578461674914092e-15	4.062782307318504e-12
RP1-149A16.12	0.6263864858111683	8.087851687091467e-15	6.1982354292891886e-12
RP11-1018N14.3	0.6418323757975442	1.2610262085561081e-14	8.504360750502393e-12
SNORD3A	-1.4216466641708543	1.3856857692809272e-14	9.151239746485727e-12
SPDYE3	0.7237112868771431	2.4495021853951377e-14	1.4749502444915007e-11
RNU6-1091P	0.6253030950279062	2.7779996342024832e-14	1.5900179765646454e-11
SMG1P7	0.7014648212641017	6.075981541005838e-14	2.9032470108401896e-11
HBA1	-1.575687003780068	6.440772162479445e-14	2.975107360531601e-11
CA2	-0.8257918491392422	6.76386235585647e-14	3.041032515193069e-11
HMGCL	-0.6165654815108113	1.0411848802974299e-13	4.281555385808456e-11
SPDYE8P	0.7110687736113883	1.2864037653243005e-13	5.1639922579446917e-11
LOC101928020	0.6788199224400175	1.602523767042567e-13	6.071584429738804e-11
MIR4256	1.9209258700862772	1.9038409809862233e-13	6.725069854516173e-11
NPIPB8	0.5995365032297402	1.967977673243185e-13	6.841258468222701e-11
NEBL-AS1	-0.7235863025898066	2.1537984857802157e-13	7.30813555195413e-11
RNU6-1190P	0.8208972907483556	2.250793310555772e-13	7.508632472622412e-11
RNU6-795P	1.1734379335516527	2.3009579825792986e-13	7.532844968211064e-11
KIRREL-IT1	0.7561399167310823	2.3431616664329216e-13	7.579275218255029e-11
DANCR	-0.6383584279154357	2.641402315853578e-13	8.378859053863661e-11
LOC100190986	1.3069680802823953	2.9266239440455276e-13	9.137570314186591e-11
HBA2	-1.2807088585799722	3.6745321127461987e-13	1.1062966325160876e-10
SPDYE1	0.6703979150806703	4.201954032081888e-13	1.2110247005282157e-10
ANKS1B	-0.5913820608044551	4.152439777776302e-13	1.2110247005282157e-10
RP11-328D5.1	0.8639071215723382	4.864417627134767e-13	1.3444931343195438e-10
SMG1P2	0.739884482396862	4.925869504119935e-13	1.3504091030806845e-10
SPDYE2	0.8970419914978862	6.171444646657657e-13	1.638591444766112e-10
G6PC	-2.613403494907671	6.267709839555507e-13	1.6477347967592522e-10
SPDYE6	0.9151986526140332	6.717650324591164e-13	1.7250254292894053e-10
HIST1H1E	-0.6309413798239998	7.159559986061579e-13	1.7853456721776094e-10
SMG1P1	0.830464924395506	7.200682426339112e-13	1.7853456721776094e-10
RNU6-1060P	0.6134121009176372	8.69934889587534e-13	2.0370975331174754e-10
FN1	2.104234020712073	8.899743770596074e-13	2.0554750681130112e-10
SLC6A6	0.7770351321498179	9.732825041307838e-13	2.2175058134655422e-10
MIR548D2	0.7092446880934746	1.1143091442045596e-12	2.488377771031639e-10
SMG1P5	0.797440114753587	1.1605887213813703e-12	2.5412371224012864e-10
GUCY1A3	0.7026112159169493	1.2291631767094295e-12	2.6740246657188366e-10
MIR548AA2	0.7251215186815845	1.4946254330106e-12	3.1110351605628047e-10
RNA5SP315	1.8846798486453258	1.5810490741445382e-12	3.228677901327491e-10
RNA5SP312	1.8846798486453258	1.5810490741445382e-12	3.228677901327491e-10
RNA5SP313	1.8846798486453258	1.5810490741445382e-12	3.228677901327491e-10
PM20D2	-0.6310181223599853	1.7274671352822263e-12	3.4467569113441816e-10
ATP13A3	0.6616578681764853	1.931440432691065e-12	3.7646341844128737e-10
LOC100272216	0.7117467706351057	2.0139558831630073e-12	3.9029076080607244e-10
MIR548AI	0.6608873347740118	2.421852689358808e-12	4.5369373713988337e-10
SMCO3	-1.0707833172130519	2.5612471267469115e-12	4.719412738464801e-10
SLIT3	0.7998673979272128	2.5384425241727464e-12	4.719412738464801e-10
PDK4	-1.5846893207662136	2.779455313779044e-12	5.011937603242212e-10
SAT2	-0.8449496643659158	3.191086565244091e-12	5.600601823516752e-10
MIR548AD	0.6757467766680829	3.238707770778697e-12	5.629341547972044e-10
RNU6-1248P	0.8388727447467241	3.3438700007951605e-12	5.782322893682708e-10
PRINS	0.7382733929454952	3.7807751273512815e-12	6.330112132542529e-10
C10orf32-ASMT	-0.7352694050940407	4.021575889539057e-12	6.526827484646576e-10
GUSBP3	0.6670649943104232	4.363011942265054e-12	6.854026487584624e-10
SPDYE5	0.6265949276024285	4.651294906268585e-12	7.064939830602552e-10
HBB	-0.9998869943863564	5.779443307805327e-12	8.473166449530245e-10
RNU6-677P	0.7040002683804794	6.055400125609681e-12	8.839311352188677e-10
NPIPB11	0.878148079854828	7.132884277642746e-12	1.0105918396727455e-09
GSTA3	-0.8316434933417582	8.457575886285015e-12	1.1593067434371168e-09
LOC613037	0.8083182620138594	9.068165284686641e-12	1.2379697708487188e-09
RNU6-1127P	1.0283837003701364	9.162444361758687e-12	1.2407936701947907e-09
PRO0471	0.8212698589885488	1.3869227330888525e-11	1.7647937569719284e-09
RNA5SP320	1.1774552041325466	1.7430389570628568e-11	2.1529404260864297e-09
A1CF	-1.4178709142289696	1.9749928821012553e-11	2.367684718348549e-09
RNU6-97P	0.7175039050582042	2.101069980595869e-11	2.477205585513731e-09
DCXR	-0.8112283879407851	2.3014299196893724e-11	2.6760074790319188e-09
ERVMER34-1	-0.6576019357960856	2.3681905023337968e-11	2.7347734157087545e-09
RNU6-38P	0.6829941792170624	2.472265074990011e-11	2.816377646238621e-09
RP3-467L1.4	0.6317680096963043	2.516403489275749e-11	2.857007597925194e-09
LOC100506123	0.7468151767608511	3.5060093122795765e-11	3.7176928933983434e-09
RNA5SP20	1.05006852810219	3.5621166837834973e-11	3.765347165428825e-09
BCL6B	0.671681057162357	3.8538157809476575e-11	4.010823090541822e-09
RPL36AP33	0.9022336931358232	4.416900736305865e-11	4.435818985940676e-09
RNU6-188P	0.723997345330714	4.4331880138256464e-11	4.435818985940676e-09
MED11	-0.6080674602981597	5.672185645825688e-11	5.480404010809232e-09
TMEM150C	-0.8270074142555224	5.770664156974215e-11	5.5453832084584296e-09
MIR548O2	0.798018299681428	6.315554053894147e-11	5.915568963814183e-09
GSTA5	-0.6200239169715758	7.096138315007638e-11	6.502222390816781e-09
RNA5SP311	1.775930839775385	7.687069533077889e-11	6.893829379132617e-09
RNA5SP314	1.775930839775385	7.687069533077889e-11	6.893829379132617e-09
RNA5SP317	1.775930839775385	7.687069533077889e-11	6.893829379132617e-09
MAOA	-0.7160860657549426	7.658523352346893e-11	6.893829379132617e-09
RNU5B-1	-0.9796319845926966	8.370357153781798e-11	7.369411050274731e-09
LINC00342	0.6350250449570254	9.956086448808411e-11	8.564266200352541e-09
NPIPB3	0.6331900248155282	1.0106563522541981e-10	8.671585801020753e-09
RNU6-171P	1.1935434874151039	1.0375491926126888e-10	8.8572553860506e-09
C1orf132	0.6030054468454198	1.0624110980574328e-10	8.978571986590634e-09
NPIPB5	0.7105794737223032	1.5776805490533475e-10	1.248811927560537e-08
HIST1H2BD	-0.8082495484004748	1.5856324375072858e-10	1.2521668803921705e-08
RNA5SP187	0.8641306959601929	1.6364666935328024e-10	1.286285708762846e-08
COL15A1	0.7419874048486212	1.6969125649420248e-10	1.3306951555777924e-08
PTPRD-AS1	-0.6177337184192107	1.7732711282284423e-10	1.383199977890785e-08
NAP1L2	-0.6831028046678274	1.7951626827855887e-10	1.391560589966208e-08
SMA5	0.7057606605862414	1.8706004492582616e-10	1.4434015365901278e-08
FBN1	0.7548530531693878	1.927798358422246e-10	1.4807599235990462e-08
CACNA1C-AS4	0.6970551017432962	1.9393928112528433e-10	1.4829098774477524e-08
RNA5SP229	1.0040817308935521	2.1177203441787454e-10	1.6083227478762906e-08
RPL23AP32	0.7674965607614306	2.458722075109989e-10	1.814181802466276e-08
RP11-243J16.7	0.6457225479047697	2.5378332128834355e-10	1.868465850184049e-08
IGHJ1	0.7039867932887498	2.631957406805047e-10	1.9251540945220432e-08
MIR99A	0.9364072510060173	2.735700182499304e-10	1.983823874276915e-08
RNA5SP166	0.6582277990147292	2.7430766062404535e-10	1.9849043597087572e-08
LOC145837	-0.7934952514343792	2.8433416703250714e-10	2.0356153104747647e-08
RNU7-47P	0.660442693087373	2.860140293237495e-10	2.0433036162705153e-08
GUSBP2	0.6078382902304069	2.9512001751235837e-10	2.099461390404372e-08
LOX	-0.8516596442609563	3.1987927093334717e-10	2.2483590615299036e-08
HIST2H2AA4	-1.0615193228788486	3.6440222329355094e-10	2.5179596248890445e-08
CLYBL	-0.6796359305002948	4.254138315678441e-10	2.8575606375433673e-08
AKR7A3	-0.8545487731299515	4.452272753498065e-10	2.9437379852540146e-08
RNU6-388P	0.8538830134555271	4.4815399043324385e-10	2.9572901286514643e-08
FOS	-2.0478491554787466	5.157458512026021e-10	3.331599636504165e-08
AS3MT	-0.6078308101003422	5.28055740825182e-10	3.3932194720491444e-08
RBM5-AS1	0.7570712645176512	5.478167055400509e-10	3.4722517501523524e-08
LTBP1	0.6764814196441549	5.517177559580996e-10	3.4904170226842624e-08
MIR103A2	1.0266546942339927	5.709869683641055e-10	3.605558159782329e-08
TGFBI	0.7493610686229486	6.367818429388207e-10	3.9543800633327874e-08
ANGPT2	0.6443191981909102	7.265474332322378e-10	4.374853472962689e-08
RNU7-29P	0.8366784307922295	7.292606131627083e-10	4.383363257726653e-08
RERG-IT1	0.8636205061780582	7.426104518717344e-10	4.439862488850157e-08
RP11-395B7.4	0.6731912586263107	7.673738900679306e-10	4.538863224566758e-08
RP11-752D24.2	-1.0601242558776853	8.035576108168837e-10	4.72055098201138e-08
COL1A1	0.5885789220299014	8.146968924423001e-10	4.769371391172632e-08
RP11-165I9.8	1.0185157399131475	8.163855844611334e-10	4.770974334147213e-08
CRYL1	-0.6468432141420539	1.0287243040666224e-09	5.839828877630725e-08
VEGFC	0.7139381740887778	1.0590152532806292e-09	5.991609788695104e-08
ECHS1	-0.6840616373572574	1.1599266162146654e-09	6.443612108526939e-08
GUSBP9	0.752721076246833	1.1585410575044666e-09	6.443612108526939e-08
RP11-714G18.1	1.1211032163852641	1.2105173930690457e-09	6.680629540800036e-08
RNU6-674P	0.7917104027928081	1.2384856342800222e-09	6.790526111857293e-08
RNU6-653P	0.709157391900896	1.3289453848161234e-09	7.192943559550511e-08
TPPP3	-0.6787416654838694	1.3530513543016626e-09	7.276697235574493e-08
RNA5SP195	1.809069329672785	1.4795418690239443e-09	7.86910912042388e-08
MIR644A	0.9645482699763539	1.4941405595457908e-09	7.930508428793066e-08
RNU11-2P	1.5729528919959863	1.501538749779581e-09	7.94849083870761e-08
DUSP1	-1.0302330738288363	1.568724321938632e-09	8.19182230129483e-08
RP11-550H2.2	-0.6373590456023699	1.5717998306458347e-09	8.19182230129483e-08
CXCR2	-1.0807299696741848	1.632360908974594e-09	8.39544558192697e-08
RNA5SP316	1.5524038295221345	1.737244007951331e-09	8.788504825720302e-08
RNA5SP310	1.5524038295221345	1.737244007951331e-09	8.788504825720302e-08
MAGI2-AS1	1.0352388632209815	1.7490690425135183e-09	8.816641272698633e-08
CCL21	1.5430538776431648	1.9034053675086027e-09	9.480476956039893e-08
ACMSD	-1.0582668986222403	2.0167954131136897e-09	9.957004587144014e-08
RNA5SP260	0.609956870886057	2.0524935161914046e-09	1.0088933143728012e-07
RNF138P1	0.8154323058103508	2.0733033339024582e-09	1.0146848827168491e-07
RNU4ATAC12P	1.1355466482060637	2.145226068744126e-09	1.0483626527253903e-07
MIR548H2	0.5995540556557319	2.1919400145054043e-09	1.0650175401890812e-07
AK4P3	-1.2901035181051252	2.286820456706452e-09	1.1031700400592498e-07
MIR30E	0.6926136337890529	2.3150202718538415e-09	1.1135874973881818e-07
RNU6-26P	0.8205997825065028	2.5089079327630912e-09	1.181569490122506e-07
GSTA2	-1.6061485631782784	2.6389502094846828e-09	1.2307800977015697e-07
HPD	-1.4496102668571833	3.468506548017282e-09	1.5248766727398013e-07
PRKAR2B	-0.6473880098410021	3.695139851535428e-09	1.605671595280601e-07
AC004878.8	1.1238198731863767	3.801524034179468e-09	1.6405009234583774e-07
NPIPB4	0.6419373940287052	3.8921408410275335e-09	1.6718852122222728e-07
NAV2-IT1	0.7365088440433492	3.939692923865719e-09	1.6880107419663534e-07
MIR103B2	1.1062268325096873	4.0475557527332975e-09	1.723700931246645e-07
RP11-710F7.2	0.7677501286136073	4.390870456369352e-09	1.8438375067095212e-07
NFIL3	-0.7987282885174665	4.473923744756327e-09	1.8740460704743271e-07
G0S2	-0.7019152243855302	4.768944174155909e-09	1.9682839357715696e-07
RNU6-1152P	0.6173734258501717	5.8970260559281055e-09	2.3588104223712424e-07
ASPN	0.9072396601105686	6.739156269775198e-09	2.624068699963276e-07
EMP1	0.8996231608320695	6.955309501269609e-09	2.6712190931983055e-07
AK4	-0.6412687966151633	6.999254318982462e-09	2.6850381756096544e-07
FRY-AS1	-0.78972517471332	7.288732615303372e-09	2.773996205282502e-07
SNORA70G	0.9839975932108276	7.51297243063476e-09	2.8369253119933273e-07
GOLGA8A	0.6443730156292204	7.788901932138254e-09	2.918241923907799e-07
RP11-477J21.6	0.6422738278825317	7.90627949573808e-09	2.9491122189854877e-07
S100A8	-1.2092044854227018	7.888356060115343e-09	2.9491122189854877e-07
THRB-IT1	0.8364454801780887	8.174144935956842e-09	3.0289249147303817e-07
NID2	0.6608002378700562	8.422042363850622e-09	3.107125476028916e-07
RNU6-41P	0.605233811919466	8.480615862504277e-09	3.1253154850671497e-07
SFRP2	2.164710357865033	8.68552420151119e-09	3.193848157851225e-07
AC093110.3	0.6925530996914313	8.995576907004179e-09	3.2828014426859406e-07
AEBP1	0.7851221252604343	9.222948768466667e-09	3.3440627147601723e-07
MIR3911	1.153658814001882	1.0050367773708955e-08	3.6091416542009154e-07
ECM1	1.0334086036563175	1.1918636218007124e-08	4.165127830063981e-07
SMA4	0.6952366701295549	1.2046445988746013e-08	4.187692358149645e-07
ADRBK2	-0.6335468662999588	1.2389948882447698e-08	4.2762443839932073e-07
RP11-206L10.4	0.7434457463289945	1.246501800387773e-08	4.297754673729622e-07
PCK1	-1.0627433413621805	1.2573677784512886e-08	4.3307907547882994e-07
RNF152	-1.1795936187978464	1.2845677426671677e-08	4.410582894762503e-07
RNU6-701P	0.6495158317809637	1.3072465434788451e-08	4.466094574073623e-07
LOC727944	-1.527610985255155	1.341059878643873e-08	4.567731223017313e-07
ASPA	-0.8370717520680921	1.457244072272529e-08	4.913827011702968e-07
CCND2	0.6046737191450147	1.527109414220193e-08	5.11870074030864e-07
COL1A2	0.9781263850011559	1.5366576004739042e-08	5.138240509303205e-07
GIPC2	-1.0399900615035707	1.5645631040939847e-08	5.20851646616562e-07
AC116366.6	0.5862336617649087	1.5647174318581767e-08	5.20851646616562e-07
RGN	-0.6639140069477101	1.603109055778445e-08	5.299689937338153e-07
SMIM2-AS1	-0.9656241906518543	1.6840616470275315e-08	5.534752313622647e-07
CCDC148	-0.6554688096827306	1.708990431668305e-08	5.600306837303716e-07
LUM	1.7324307964455894	1.7276005489870405e-08	5.639369846257793e-07
ALB	-1.6962808716790647	1.771386547799478e-08	5.759995601909199e-07
ALDH6A1	-0.8754591485229541	1.7886486233956497e-08	5.799349190471279e-07
LRP2BP	0.6299766802770828	1.8003554289675412e-08	5.831698853485637e-07
RNU6-842P	0.5893141028945053	1.8359671210243647e-08	5.935648257041379e-07
FMN2	-0.7754264569866631	1.8771106080538854e-08	6.031708257922779e-07
RNU6-151P	0.6890944584063989	1.9802198448407408e-08	6.31124888166633e-07
IGFBP6	0.6452214785618198	2.0113038493031692e-08	6.374169717904404e-07
LOC100996266	-1.2809321072393303	2.0313824594374298e-08	6.419701643133096e-07
GPR18	0.5982331761070698	2.0341573123695193e-08	6.422451739054325e-07
RNU4-22P	0.9438854043799898	2.125738202872242e-08	6.667896948916465e-07
MIR597	0.6568779073461966	2.1348417034257706e-08	6.684016921032218e-07
VNN2	-1.188527465591485	2.186826023569479e-08	6.821440658164924e-07
RP11-436H11.3	0.9919560788695589	2.283050621728515e-08	7.082287669244298e-07
ANKRD10-IT1	0.6825766033143035	2.504022863656028e-08	7.662037292421167e-07
CTXN3	-1.1022970381431536	2.5194677546248105e-08	7.695330859234476e-07
RNU6-130P	0.6395747690771936	2.663377086426614e-08	8.058146514989635e-07
RP11-642D21.1	0.6978057718575714	2.6815771846820957e-08	8.102399880598591e-07
EGF	-1.0943113779456102	2.8003766629634148e-08	8.423612941581298e-07
SNORA22	-0.9576138222931982	2.9047609700557678e-08	8.645060892346027e-07
RNU7-45P	0.7435197251177117	2.9045351699646583e-08	8.645060892346027e-07
MIR5047	1.0371304021870724	2.9311811539162654e-08	8.715998986777467e-07
PROK2	-0.6200130618810951	3.068137511272566e-08	9.091177230238219e-07
EPHX2	-0.6042520701679992	3.23876409640567e-08	9.510129101619527e-07
PAIP2B	-0.7827373038410244	3.240209563855582e-08	9.510129101619527e-07
BACH1-IT2	0.604880606771756	3.284410948679143e-08	9.613744547696242e-07
SNORD7	0.9746926926341799	3.336738052577311e-08	9.758439473799386e-07
GOLGA8B	0.615222044822862	3.395651938987363e-08	9.91353968680986e-07
ITPKB	0.6068833372367965	3.416007753447646e-08	9.938548873706179e-07
MOXD1	1.2977144684395325	3.6553686796234194e-08	1.0543971931300402e-06
FBP1	-0.9179441821438648	3.723010366932608e-08	1.0711596379946037e-06
ANGPTL1	-0.6548849855701979	3.8405729313626174e-08	1.1002898831397404e-06
SAMD5	-0.7077673645323745	3.975758795397075e-08	1.1294236443200452e-06
MIR571	0.6958458710342379	4.219743478468522e-08	1.1891323205909307e-06
ACSM5	-0.6372421849707459	4.3816428220373916e-08	1.233297128206184e-06
DPP6	-0.6769136762742445	4.402640560261631e-08	1.234567436046386e-06
RNU7-7P	0.6738994280007384	4.459441490167017e-08	1.2448043629837069e-06
RNU6-1154P	1.237225708014984	4.47578284800439e-08	1.2483324866394377e-06
LPL	-0.7029177324899081	4.5172827738048267e-08	1.2557524743008967e-06
COL6A3	0.9099695641758458	4.6493007882119365e-08	1.2860904231214643e-06
SLC7A7	-0.8799407942789061	4.704922558952424e-08	1.299344706698409e-06
ALPL	-0.6870449799736917	4.7354683519990566e-08	1.3045751048154264e-06
GFRA1	1.0310662428445303	5.201769888186237e-08	1.4140460925487993e-06
RNA5SP160	0.7789403640443937	5.316335450589922e-08	1.4375848548026638e-06
CPNE4	-0.6057523598233994	5.710374018357231e-08	1.524574916064971e-06
ITGA11	0.9392791783732584	5.7532945388075214e-08	1.5323940904311977e-06
FABP5P1	0.9198085324371696	5.8966187573263736e-08	1.5668556697954713e-06
CYP2B6	-1.1413240014706094	6.110471578027722e-08	1.6160400126360378e-06
MIR604	1.2909306739855184	6.309350787894362e-08	1.6479574637319746e-06
AC012065.7	0.595544734432508	6.306282794350133e-08	1.6479574637319746e-06
LOC101930114	-0.7323489146860958	6.350646885440719e-08	1.6536201774290427e-06
RNU6-1188P	0.8788646627320138	6.451681307241468e-08	1.678631895680419e-06
PEPD	-0.5949359430259946	6.557191706608939e-08	1.70214399035299e-06
GSTA1	-1.1859712004130003	6.947568466455631e-08	1.7842498757721542e-06
CXCR1	-1.3227101758103084	7.18662351301907e-08	1.837016504299714e-06
MIR3120	0.7665540403082316	7.47268490792846e-08	1.898861605842861e-06
HRSP12	-0.8366122529699362	7.832134064903367e-08	1.9735319216219885e-06
RPS6KA6	-0.764663228557712	7.870182972162501e-08	1.9775154234077463e-06
SEMA3B-AS1	-0.6769407034633605	8.212738851139458e-08	2.0498412587744077e-06
RNU4ATAC11P	0.621883444817799	8.319005222629248e-08	2.0703386947070263e-06
NAIP	0.8115266709282869	8.461881306238523e-08	2.09650725676975e-06
SNORD66	-1.5711554368830636	9.131748870698783e-08	2.2394368866906396e-06
HNRNPU-AS1	0.6165839377084028	9.173902742067374e-08	2.2448766361575607e-06
ZFP36	-1.3527510319647513	1.0408967676148903e-07	2.4857676348423587e-06
NPL	-0.7751539447182045	1.0645472437929136e-07	2.5297063467721667e-06
FABP5P7	0.9445359968967892	1.161658223634671e-07	2.699594438384639e-06
INHBA	0.9481793650224573	1.1992518804438678e-07	2.764099344399674e-06
PCDH18	0.6039224038919739	1.2685864393705575e-07	2.8922741538590396e-06
MFAP4	0.8547666947723345	1.2735961770598887e-07	2.9017339925986115e-06
LINC00597	0.6084317459867812	1.277577939069098e-07	2.908840520284266e-06
RNU7-13P	0.5936991237731979	1.320698576497498e-07	2.9908633982199885e-06
RNU6-466P	0.5869478142371323	1.3352108037418027e-07	3.0136083200919403e-06
MIR548X	0.7663037986822925	1.3565859531755924e-07	3.053676791794458e-06
RNU6-1340P	0.5989766503944458	1.3594201185569227e-07	3.0580151032514634e-06
OCLM	0.6401461573477616	1.5097669540040075e-07	3.3427013584382886e-06
S100A12	-2.0760437367597833	1.5485872248501469e-07	3.4107355468286708e-06
RP11-335O13.8	0.5907742799916069	1.5723183263226487e-07	3.45173007575519e-06
ESM1	-1.4008532841831443	1.583141038652907e-07	3.4709698194652813e-06
AC011239.1	0.7594471561850913	1.6239028498684663e-07	3.5289006699776035e-06
CMBL	-0.6710324827477709	1.645301240228162e-07	3.5678172231828696e-06
RNU6-611P	0.8977435904138282	1.6477632095788702e-07	3.5685661802825627e-06
LOC100303749	0.7120916706946447	1.6637425496382503e-07	3.5925144249845823e-06
WDR49	-0.9446010341702058	1.675226410997921e-07	3.607192501842267e-06
C9orf66	-0.7484270915327049	1.692380114416679e-07	3.63484442408474e-06
RNU6-946P	0.6859337511502712	1.738046701440693e-07	3.7210752236558837e-06
MIOX	-1.1561944577174783	1.8295802794812168e-07	3.897248706513369e-06
IGHG4	1.5971891756495324	1.8356335260836733e-07	3.9052089905073474e-06
PER3	0.665054478757539	2.0156649241335248e-07	4.226879430459108e-06
ZBTB20-AS2	0.9887764019171525	2.0432072398954965e-07	4.268708062532598e-06
THBS2	0.6870441605163853	2.1035660296040462e-07	4.370440327680125e-06
COL8A1	0.897540030282939	2.220862716882446e-07	4.56352777655552e-06
RP11-390F4.6	-0.6036538608734254	2.2629310003295897e-07	4.635413396293023e-06
PCDHGA10	0.6151512329980138	2.3212365134646337e-07	4.7294317361950115e-06
AQP7P3	-0.7090748269820022	2.3209277369093884e-07	4.7294317361950115e-06
RASSF9	0.6566862508221707	2.4766980309776144e-07	5.0098534855767945e-06
MIR1299	0.7457020631555302	2.50033717305344e-07	5.036521474035961e-06
LRRC2	-0.6383345337989565	2.5710219358003096e-07	5.1481508120657035e-06
FAM180A	-0.9379146701535905	2.7914695938025605e-07	5.517488552345976e-06
GLYATL1	-1.1630460469188009	2.995982014352869e-07	5.8531004359199726e-06
ANGPTL3	-1.0322068467516612	3.1859151947823067e-07	6.131795683108413e-06
L3MBTL3	-0.6246827734577662	3.248034398971495e-07	6.2285301396766285e-06
PRELP	0.6216546571174879	3.249105728259546e-07	6.2285301396766285e-06
PRODH2	-0.7608558780349401	3.4332887356371237e-07	6.500319060800062e-06
RNU6-321P	0.6788227610153967	3.431756334099936e-07	6.500319060800062e-06
ABHD14A-ACY1	-0.8663752022437912	3.5845560994212134e-07	6.7225379128188715e-06
ALDH4A1	-0.7164902447953887	3.6266730822054936e-07	6.7939675739982915e-06
RNU1-143P	0.898450457284774	3.628979829202631e-07	6.794514149956287e-06
RAB29	-0.6045105760300746	3.636458478196103e-07	6.804738062418013e-06
LOC100287497	0.6597582618598024	3.769796218264969e-07	7.011015379695893e-06
KCNJ15	-0.8203394960510737	4.162701086041938e-07	7.614019488551568e-06
RNA5SP450	0.6053312774710689	4.2406130151585144e-07	7.73774193025677e-06
LOC101927557	0.7114980641525617	4.262046002471737e-07	7.764245878084656e-06
RNA5SP123	0.7022321491432182	4.3197145946107494e-07	7.83965425889529e-06
SNORA12	-1.0850956714233178	4.353116801115849e-07	7.891779491055185e-06
CDH11	0.6406097758976923	4.4174763990085777e-07	7.986986819011756e-06
S100A9	-1.486344422175895	4.5349178683860353e-07	8.164304886384257e-06
MARCKS	0.7956439344848336	4.561247254746301e-07	8.194206575921431e-06
SYTL2	0.8052925919372012	4.6145452420293416e-07	8.27077380080569e-06
MIR3975	0.9862890884130113	5.113950208755288e-07	9.004825119541947e-06
COL3A1	0.694942520838473	5.209544324462743e-07	9.120759845321064e-06
CYP27B1	-0.7749017213800435	5.285346034500693e-07	9.219962146061219e-06
LOC101926906	-0.6984883791977952	5.308791468754035e-07	9.25128931919308e-06
LOC149703	-1.2395596884837339	5.402342139833137e-07	9.38521262005015e-06
RNF212B	-0.8789781506082441	5.504246272476191e-07	9.522995603278459e-06
SUGCT	-0.7549405248972612	5.597122835161276e-07	9.653963273741086e-06
FABP1	-1.0418770871461742	5.623669781331869e-07	9.694792690516904e-06
ACY1	-0.6183138800900547	5.643939708959621e-07	9.724764792341258e-06
TNNI1	-0.6643678444463497	5.821744592437333e-07	9.98520995203392e-06
PRLR	-0.6894624666088829	5.962783257541798e-07	1.015638286530904e-05
ACY3	-0.6000953202396158	6.049598449101463e-07	1.0276698221848932e-05
PTN	0.8035628706911311	6.124100232246064e-07	1.0376314027819106e-05
CA10	-0.5867710299787356	6.244044028686439e-07	1.0511690696320855e-05
FCGR3B	-0.845712438101315	6.345220529651462e-07	1.0640536773245892e-05
RNU1-124P	0.6061676542801013	6.376457251627152e-07	1.0686587401832386e-05
FOLH1B	-0.9039843679255224	6.586828865818116e-07	1.0968289844710464e-05
RP11-244N9.4	0.6666132187453089	6.838029772945927e-07	1.1330632134827352e-05
RP11-91K11.2	-0.7385145315440225	6.919189718379441e-07	1.1442622722106656e-05
FPR3	1.048324654573153	7.314568540729028e-07	1.19964616339194e-05
AGMAT	-1.2286341874776738	7.487881801923076e-07	1.2203546368334757e-05
HAVCR1P1	0.637271885105573	7.551833322621352e-07	1.2295886993664508e-05
GBA3	-0.9576071173167593	7.55813796363683e-07	1.2300212940822101e-05
MIR421	0.629908628004582	7.6140683737604e-07	1.238525738365657e-05
GLYAT	-1.206864526024333	7.719902678167026e-07	1.2533226687905253e-05
HPGD	-0.872112281179799	7.757910107943915e-07	1.2588870492775209e-05
RNU6-1327P	0.7168857311692616	7.91228369490918e-07	1.2771766691830423e-05
RNU5A-1	-0.6828449360919926	8.043979914999937e-07	1.2947160035026152e-05
USH1C	-0.6242251581283309	8.232914053684397e-07	1.3163293593657558e-05
FBLN5	0.9632648863920847	8.468313923120594e-07	1.3469412523001247e-05
PPBP	-0.9192595987222267	8.878200588423894e-07	1.3956779666277562e-05
TNFRSF12A	0.6062098966032963	8.876321269653924e-07	1.3956779666277562e-05
RNU7-10P	0.8056038645971282	9.086696244795103e-07	1.4218255098584263e-05
CMTM2	-0.6770084574811319	9.248407248913643e-07	1.4438290035449079e-05
RNU6-45P	0.5941936411323301	9.383225341430665e-07	1.4574037702120776e-05
JUN	-0.6622907129025375	9.81518003833051e-07	1.5098899219548576e-05
ABCC2	-0.7735632605700573	9.98152311453538e-07	1.5282439119126183e-05
HAO2	-1.3442418527170146	9.984345604814646e-07	1.5282439119126183e-05
PBLD	-0.693842769332619	1.0428837320603906e-06	1.5869151374131935e-05
SORD	-0.8029676793805889	1.1139062827993202e-06	1.674584032812888e-05
RNA5SP68	0.7666666168926035	1.1229814751147972e-06	1.6867231777670806e-05
RP11-25C19.3	0.6533550921689981	1.1315084655790995e-06	1.6972626983686492e-05
BPHL	-0.6149731697596685	1.1797407297808176e-06	1.7509180197275163e-05
ADH1B	0.9585767891779433	1.1924478914892153e-06	1.7654472418515285e-05
ALDOB	-0.8288270248596001	1.214946141016313e-06	1.7913416648478386e-05
PTGS2	-1.6699729188484937	1.2257264445944562e-06	1.8036614990629597e-05
RNU5D-2P	-0.6953583320062902	1.2336294282323648e-06	1.814129276929583e-05
ABCC9	0.7903586299504424	1.2497199238823197e-06	1.8321980797092095e-05
RNU6-1016P	1.290230397064855	1.2532957289560921e-06	1.8350469813460456e-05
RP11-74C13.4	-0.670119879520513	1.2632252448826936e-06	1.8463786414150162e-05
CCL19	0.9724023273771563	1.3176201655239097e-06	1.9126195428956624e-05
AGPAT9	-0.6166490837977952	1.3673293335575753e-06	1.9779641839365698e-05
SNORA45B	0.7153002519733418	1.3805529579047617e-06	1.9936721944560415e-05
RNU4-47P	0.7303727800332309	1.4005810676461985e-06	2.0191361094925103e-05
RNA5SP343	0.6283168932517187	1.4275157456096026e-06	2.0518257008506307e-05
CTSV	-0.699166899388243	1.448159290480998e-06	2.0744313827959445e-05
ANKS4B	-1.0139473037370177	1.4588110224509132e-06	2.0859007878772807e-05
KCNQ1OT1	0.5858202274734703	1.4592645191585128e-06	2.0859007878772807e-05
WDR72	-0.8084010740140668	1.4758334663326762e-06	2.1051228631445785e-05
ADH6	-0.7274076950834534	1.475445105491072e-06	2.1051228631445785e-05
HSPB6	0.5917038238731065	1.6131545338175602e-06	2.2712138154625525e-05
ANK2	-0.709706042003754	1.6609282457136072e-06	2.331661134282383e-05
ABAT	-0.6470224174215984	1.7110748367299323e-06	2.388139217488962e-05
ADAMTS5	0.702507627148302	1.7483904979099775e-06	2.4311640243102863e-05
RNU6-853P	0.6191776060856866	1.8670620356430792e-06	2.5686691661350543e-05
AC025165.8	0.7657676099760682	2.014009567762966e-06	2.740613503832414e-05
RNU5E-2P	-0.6936242592384843	2.056671645872892e-06	2.7851794336881093e-05
RNU6-1053P	0.9666640916856055	2.0637408614200315e-06	2.7929147323526577e-05
EHHADH	-0.6728707986597051	2.0656491774573353e-06	2.7939707285945182e-05
LOC728290	-0.8740942838605807	2.0703098659573247e-06	2.7991519117915392e-05
RNU6-1297P	0.6074727626615486	2.08398817000152e-06	2.808636334630346e-05
RNU7-40P	1.1752815168060398	2.1494451558940646e-06	2.881880344204686e-05
EHD3	-0.6736037954508323	2.223531694444202e-06	2.9611962376247424e-05
CDH10	-1.1805980869967967	2.2348838228247818e-06	2.9739653711780445e-05
AFM	-1.0833025714960183	2.27713517868093e-06	3.0099960103928246e-05
GMNC	-0.7144099528485746	2.2969969264651742e-06	3.031496530739948e-05
OLFML2B	0.7088022621714156	2.3640364930270456e-06	3.1017630562206993e-05
AQP9	-0.9704058153789008	2.4679579503088295e-06	3.203215630654878e-05
ACADSB	-0.6300165077561148	2.7419094932998107e-06	3.511476950781223e-05
SERPINF1	0.8173658020102925	2.7881784901971935e-06	3.558568459101036e-05
RGS4	0.5859691280128696	3.1275133415792593e-06	3.916069434758731e-05
NPHS1	-0.6039519954487478	3.147218174805263e-06	3.933439468288861e-05
DDC	-0.752081529668339	3.1925446435209636e-06	3.981235406047592e-05
LOC101927062	-1.141103684771422	3.195846055856606e-06	3.9838790759144085e-05
TM4SF5	-0.779685622157154	3.2069237750720377e-06	3.994734750477618e-05
TREM1	-0.9451495090650024	3.23470864755209e-06	4.020434043326815e-05
ERRFI1	-0.8989141391585882	3.249078612330745e-06	4.032349312027704e-05
VSIG4	0.8127764256163665	3.3515639849576834e-06	4.133677306977801e-05
PAH	-1.0469277829429053	3.5757389275149352e-06	4.357568364141801e-05
MSR1	0.7356778909274131	3.707384779638036e-06	4.485576417990476e-05
CR1	-0.6647216656458852	4.014375329408458e-06	4.803574737673996e-05
ARL4C	0.6345057471367079	4.065752239085613e-06	4.84442280925678e-05
RNU5E-1	-0.7410579214646362	4.440045890866176e-06	5.1913435312069156e-05
ABCC6P2	-0.6412162733126996	4.868617824157095e-06	5.596647831992293e-05
COL14A1	0.7089821586886904	4.900673774934726e-06	5.622090500995215e-05
CRYAA	-0.5994481191296508	5.030482097962122e-06	5.752046671525356e-05
LPPR1	-0.5885680537444866	5.101761156998883e-06	5.8158007509804716e-05
LOC100505985	-1.449843948349062	5.35250780550987e-06	6.050504968212968e-05
MIR4263	0.6525672390252684	5.511187011235869e-06	6.206988176983084e-05
NEAT1	0.6745390519847767	5.563749076905183e-06	6.259913876317744e-05
SNORD105B	-0.8371698882998797	5.600790604779848e-06	6.286906098308139e-05
RNU4-2	-0.8779853049929125	5.6162047697969305e-06	6.300014132985778e-05
CD248	0.6384721422081014	5.7838615969972126e-06	6.453733059256982e-05
APOH	-1.1029577086892424	6.067845541371407e-06	6.717260395766376e-05
SNORD116-8	-0.6457320063034269	6.221144262822684e-06	6.848742557700976e-05
IGKV1D-16	0.9349049148525514	6.300469131453577e-06	6.924765942392914e-05
MIR3916	0.9354739155393128	6.3314933891455185e-06	6.945710642202506e-05
RNU6-1170P	1.3325570643891158	6.647209132928805e-06	7.242128981013224e-05
CDH6	0.9112067172464462	6.656227295618772e-06	7.247271049669519e-05
C3	1.1520950164195263	6.6740707554424384e-06	7.264353320642964e-05
FAM151A	-0.8351112528217683	6.960663006923358e-06	7.494047145384918e-05
RNU1-16P	0.6457625503373485	7.0139774098327755e-06	7.544220678135922e-05
SLC36A2	-0.9331572763190064	7.222451823866276e-06	7.738833031483027e-05
PLGLA	-0.8477130217271567	7.24016564311726e-06	7.750424936060762e-05
LOC286191	-0.6428447594488942	7.326621707760492e-06	7.820629439242918e-05
HGD	-0.8068615784938693	7.463377335593158e-06	7.941466827270473e-05
GPR34	0.726490345652183	7.695945846696531e-06	8.129096146213509e-05
FPR1	-1.2468388859402983	7.95369112488676e-06	8.355092359226839e-05
FABP3	-0.6077839242341918	8.414875917614363e-06	8.763113525075859e-05
VCAN	1.1647849338477778	8.716054901034273e-06	9.015502185977782e-05
KHK	-0.5924391278822494	8.91787431938137e-06	9.196046545857485e-05
LINC00671	-0.6226645784140405	9.102979795620998e-06	9.332699261427184e-05
SLC12A3	-1.223293656540589	9.305747068825379e-06	9.494396101688103e-05
CTB-49A3.4	-0.594478763243862	9.50178857245461e-06	9.67100243474704e-05
RNU6-638P	0.6273728556483222	1.0152906403821411e-05	0.00010228742274779145
POSTN	0.6235468541199101	1.0184160023122414e-05	0.00010247981974923539
LINC00948	-0.8777111431032956	1.027254235987086e-05	0.00010309230011156113
SELL	-0.8708497080010584	1.0730783207894219e-05	0.00010664368104043415
KBTBD11-OT1	-0.6567022074385678	1.0855411693918748e-05	0.00010766014185851183
SCARNA7	0.8930972725397233	1.0873813459516324e-05	0.00010778191303300698
DPYS	-0.6386378611898245	1.111391469098523e-05	0.00010973973744656573
NT5E	0.6772261348638278	1.1129037973307681e-05	0.00010983858874892586
RASL11B	-0.6674789458182815	1.124157040294709e-05	0.00011083793976239061
C7	1.0564191327844075	1.128802880547731e-05	0.00011119846080067044
IGKV1D-33	0.8079620872201421	1.1391104558675301e-05	0.00011201751114567838
RP11-575A19.2	0.61539014836461	1.1600509257845231e-05	0.00011386425219861962
SCARNA2	0.6035030677208546	1.1852946630460553e-05	0.0001158496696751101
SNORA48	-0.8028004640675768	1.2309397536866244e-05	0.00011920530871428196
EGR1	-1.377646295959564	1.2457879434616377e-05	0.00012039977773756303
IGLC7	1.4965105012670037	1.2806613095037145e-05	0.0001232417219077205
CADM3-AS1	0.6044068998421395	1.2861298132439059e-05	0.00012369736823327013
MT1H	-0.6545746617114467	1.2971355225245118e-05	0.00012454168484687361
GDF15	-0.765397283723737	1.3662605441383857e-05	0.00012970243679151565
RAET1E	-0.5923682836125197	1.4002679213611075e-05	0.00013244609904150504
TAGLN	0.6013368961460088	1.4189872676388363e-05	0.0001339426769656289
SNORD116-26	-0.6156759399774394	1.4534162154166859e-05	0.0001366974652991341
RASD1	-0.8204658029543888	1.4558235527469273e-05	0.00013678568153230737
CCL11	0.7678251332878947	1.4869081998511335e-05	0.00013892641867270774
CCL18	1.0305950144418925	1.5376130364846966e-05	0.0001427541618674669
IGHJ5	1.2364496983667284	1.557000983735661e-05	0.00014431308788876256
BRE-AS1	-1.809009245892129	1.5591795356072537e-05	0.00014443828005680385
RNA5SP82	1.015235957939563	1.5722527062507492e-05	0.00014536978682417128
ABI3BP	0.7171797267133098	1.606387544248433e-05	0.00014803877560004688
APOM	-0.8748701786284112	1.6243629382327058e-05	0.00014943935088372745
LOC100506085	-0.6400454126612751	1.6303935931616157e-05	0.00014992329414074087
PVALB	-0.8285020036244326	1.6827501048116717e-05	0.00015373159993023453
SLC6A19	-0.756625640526873	1.6827063405549654e-05	0.00015373159993023453
DAO	-0.7822026471448913	1.6915444921899067e-05	0.0001543677409381425
MGAM	-0.6841036877829731	1.699491595993944e-05	0.00015496716229560788
CCL2	0.8527704233189581	1.7816895942578255e-05	0.00016150154064079
F2RL2	0.6357856306969856	1.820320830147099e-05	0.00016464919096716786
PLG	-0.7075930632067298	1.8604111151898527e-05	0.0001676458118765415
IGKV1-6	0.7991493706967141	1.9498789096763425e-05	0.00017400805265631482
BCL2A1	-0.6911338987925832	1.9654447295455586e-05	0.0001751448104658463
MMP7	1.1596650905293906	2.1525015914740257e-05	0.0001885745743426972
KNG1	-1.0370960284961068	2.160185832828225e-05	0.00018905130101990071
EGOT	-0.8630126710676995	2.221786523685775e-05	0.00019358822113355127
SOX4	0.6162536159313783	2.2689655923504567e-05	0.00019718948395375618
APOC3	-0.6405965151443374	2.291696948082267e-05	0.00019870409125568025
CRABP1	-0.645442036407923	2.4069548139030513e-05	0.0002072627060623198
JUNB	-0.8300085970077227	2.423735015197743e-05	0.00020849067528690789
RNU6-580P	0.6743394716353208	2.4702126395956108e-05	0.0002119480157943104
SLC6A13	-0.59214650296492	2.4812386099647048e-05	0.00021273167029750787
RNU6-387P	0.7241411407848872	2.568735663801506e-05	0.00021873173379643126
IGHV3-21	0.7434914968717923	2.72175409823025e-05	0.00022916529492331437
LINC01186	-0.5904534471553466	2.8832027601670408e-05	0.00024023127519849917
PPP1R3C	0.6521272911772771	3.128331185264333e-05	0.00025697278335472186
RNU4-62P	0.992018693696151	3.1779819403725985e-05	0.00026041689193041074
FMO3	0.7038261782557598	3.294796038024794e-05	0.00026822917045436035
RNU6-1280P	0.5912267718920696	3.300833758772692e-05	0.0002685262107257302
LOC284578	-0.8221678002207318	3.466768373971068e-05	0.0002806035275331359
RNU6-495P	0.7675872897470404	3.536625939759121e-05	0.0002851626654439922
C1QC	0.9135009554646345	3.58842917100071e-05	0.0002885259818700699
MIR548W	0.6140847599157526	3.629956101220111e-05	0.00029136424597272587
MTTP	-0.5855023458620243	3.6692655843862685e-05	0.0002938898705593942
CPA3	0.6616216521554601	3.7812450310935455e-05	0.0003009310722945699
MS4A6A	0.7972200257461832	3.792756037601412e-05	0.00030170260341571035
RP11-232L2.2	-0.9398416039424968	3.8950391461549386e-05	0.0003080223264736035
TRAV39	-0.6238103366176944	4.124918825750338e-05	0.0003232448589456226
RNU6-901P	0.6084934102055422	4.135989294368408e-05	0.0003238865745613161
MRO	-0.8641168872853866	4.1938557771226196e-05	0.00032773306327827284
FLJ22763	-0.6366247090454626	4.215627230597168e-05	0.0003288247749612225
HES1	-0.6225047422950762	4.3112399382787567e-05	0.00033558405059732146
ERVFRD-1	-0.6154464832422972	4.41086913517572e-05	0.00034197620937843795
RGS2	-0.9888609656027025	4.4160451890227715e-05	0.000342162324847996
LOC202025	0.5950956909693739	4.521091802984817e-05	0.0003490183507249268
CFH	0.6078871582589072	4.6826287870234725e-05	0.0003586965985879861
BHMT	-0.7666813102917711	5.0227538206085193e-05	0.0003800028243906647
IGKV1-5	0.6547530635474681	5.229069883909046e-05	0.00039235477633603255
SLC2A2	-0.8013970967208195	5.230563115794059e-05	0.0003923795067065087
MUC15	-0.6053831452936276	5.609822106455639e-05	0.00041653021075661667
TMEM174	-1.0311602540889435	5.7829040619023707e-05	0.0004260422219081231
IGKV3-7	0.5873542242503671	5.857159730512924e-05	0.0004306659967572957
CTH	-0.7753067170182466	6.289612147601176e-05	0.00045619643281805046
IGKV1D-39	0.8886062906630352	6.433125005937196e-05	0.0004650728961522099
LYVE1	0.7718535828445994	6.622132163910522e-05	0.00047611577093190354
PSAT1	-0.883038996532421	6.667417077701009e-05	0.00047896153038218703
XPNPEP2	-0.8004155529729777	6.760039574525695e-05	0.00048458446950043883
NAT8B	-0.7531427290582648	6.98189914201627e-05	0.0004973165168330981
IGKV3D-15	0.814219304164868	7.128324140647921e-05	0.0005058230008894106
SLC13A3	-0.7650794225762017	7.823825339322886e-05	0.000546157051103598
CYP4A22	-0.885396973614113	7.95271364871826e-05	0.0005538321029218913
VTRNA2-1	0.9989715372486172	8.089102900033347e-05	0.0005614749892736197
NR4A1	-0.5885791219962808	8.2628047575236e-05	0.0005712974706247606
USP2	-0.6798709358791717	8.316901953860614e-05	0.0005742136238414822
FOLH1	-0.6136090518047936	8.351919032106026e-05	0.0005759237418458389
RNA5SP268	0.7110542353046414	8.641238208906525e-05	0.0005921206104538265
CAPN6	0.5857167276482347	8.849032462065986e-05	0.0006040270741313057
PLVAP	0.7376782662345835	8.877458994776223e-05	0.0006057222122700409
FPR2	-0.7947610447271916	9.220334142615112e-05	0.0006246929220192517
LOC101060277	-1.0986064140176905	0.00010325613691697712	0.0006867449579566998
IGLV6-57	0.6617374412870296	0.00010619003602270398	0.0007022412266494564
SLC7A9	-0.724229860299368	0.00011481811993192329	0.0007490166384415657
GLIPR1L2	-0.5903479023467098	0.00011854872000356328	0.000769464850882888
SNORD63	0.5948942718001664	0.00012211417441633922	0.0007885868221435931
SCN7A	-0.6204373567072041	0.00012575348504391645	0.0008075428519674086
LINC00052	-0.8469584945117514	0.00013204730844145618	0.0008413898791847888
MIR4295	0.6930481509701267	0.00013374077380546166	0.0008508194525974656
CYP4A11	-0.9454615709353851	0.00013432586126444832	0.0008533285685450636
KLHL22-IT1	0.9798062912124701	0.0001355039552379205	0.0008595171878522723
LOC101928820	-0.8840208745775255	0.00013764213219393974	0.0008709500276936851
FUT6	-0.591440259062562	0.00014003277986147285	0.000884086376507932
ACSM2A	-0.7564226520101398	0.00015738086460733214	0.0009728474343829954
IGKV1D-42	0.6140454502308756	0.00016755942998253825	0.001023013575776062
RP11-760H22.2	-0.6675858329188094	0.00016945836320363586	0.0010327123418016108
CALB1	-0.9570361944737726	0.0001853252837456801	0.0011135368082509504
SLCO4C1	-0.697017127251427	0.0001859949219633752	0.0011165655632196924
IGKV3-11	0.8173493781599337	0.00019731346257379994	0.0011724070410552483
NUPR1L	-0.6433594374355689	0.00019747134474810976	0.0011729317852574002
VCAN-AS1	0.7363388695775468	0.00022056643221173944	0.0012847642242494134
RHCG	-0.6878033277899478	0.00022093576603122056	0.0012864710810866443
TMEM207	-0.7870405589335538	0.0002284367947989751	0.0013217036239913248
IGKV1-9	0.654822976754712	0.00022861725332186823	0.0013225208066586715
MIR30C2	0.6310086707589093	0.00023262761478110808	0.0013406602581471482
PI3	-0.9364595501115298	0.00023981659475155625	0.001376210955585854
ACSM2B	-0.7475421064543752	0.0002499041381345128	0.0014224802547318021
SNORD14D	-1.1073206112081642	0.00028500286255025265	0.0015858575124083364
IGKV1-17	0.667387306671773	0.0002915394680786883	0.0016158301879706392
SFRP4	0.597145563320681	0.0003012362166317625	0.0016605664908979944
KRT19	0.598413377956426	0.00030338407053343594	0.0016691321354849829
ITGB6	0.6091286666327407	0.0003089406871712433	0.0016944502230667412
RNU1-70P	-0.6156896048138387	0.00031802115222971596	0.0017349414743869959
AGXT2	-0.762398770557362	0.0003254361034635376	0.0017674852094369613
RNY3P6	0.7896398672381926	0.00032601560281347766	0.0017688247991746529
MIR186	0.6323278369668364	0.0003290478292336147	0.0017815499039430778
TINAG	-0.6094094899749045	0.0003320045983166779	0.0017949647354879557
FMO4	-0.6808559315209983	0.00033438382082706593	0.0018049339584262306
SNORD114-30	0.6226882171565551	0.00034374306866871593	0.0018462912194184616
DEFB1	-0.6597376352040367	0.0003536737849308018	0.0018905960729021303
MNDA	-0.6943219029331162	0.00036837260776809383	0.0019552218375476346
METTL7B	-0.633967552021816	0.00039466560747219715	0.002067120889090166
IGKV1D-27	1.06056112943602	0.0004044060626604084	0.0021067871854239264
SLC5A12	-0.8042386939798858	0.00043079692223634567	0.0022144012527148746
SLC4A4	-0.7343367068048678	0.0004413836581432915	0.002257805969749968
HSD17B2	-0.7152826535113972	0.000441984866132468	0.002260036188345133
C5AR1	-0.6484167341580633	0.0004481074613617881	0.0022859581841330554
CLEC4E	-0.876226919577511	0.0004552981579480599	0.002316332813217951
CPXM1	-0.7260377879462521	0.000463080052290857	0.002346717668056462
RP11-132E11.2	-0.6009644724126089	0.00048623661046613817	0.0024435020126554663
RP11-438F14.3	-0.992473922663601	0.0004903164948750501	0.002460338126069448
SNORD41	-1.1705651424925136	0.0005265174583004702	0.002608988786758538
IGHV3OR16-9	0.7529884780849674	0.0005556961908976524	0.0027263444075299706
UGT2B7	-0.6916458097108507	0.0005626607442529556	0.0027536894479259304
IGKC	0.8662696854507095	0.0006135834418459395	0.002955719094149297
AP001059.5	-0.6184741380256069	0.0006243311758382709	0.002999613422096106
SNORA79	-0.6003452301632546	0.0006367405649200369	0.0030498425922022222
IGH	1.5642481703146913	0.0006658930153939119	0.0031660903100793445
CLDN8	-0.7093804627465783	0.0007249005341671946	0.0034017420851023693
SLC47A1	-0.5902231026106604	0.0007293724063631319	0.003419693762870524
RNU6-850P	0.8012295719933871	0.0007618059629970976	0.003539280390226251
SLC22A8	-0.6649871718498224	0.0007963908587888729	0.003661117894800381
FMO1	-0.7203188903014155	0.0008202438852068838	0.0037498134231529453
IGKV3D-7	1.0464411671515261	0.0008806071459429705	0.003979371879013263
ATP6V0D2	-0.6532214422106914	0.0008936553283632173	0.0040248507643124995
OR2T10	-0.7769578956746717	0.0009150868687310614	0.0040983834790292726
NAT8	-0.6584127138332754	0.0009327069998176097	0.0041656794746820925
DIO1	-0.6009748872935807	0.0009852339678936642	0.004355072620599651
RNA5SP217	0.8585890884142113	0.0010496274975637574	0.00457364845147744
MIR320D1	0.5851919056553063	0.001092322121177008	0.004727647532548929
ACE2	-0.6952855658053236	0.001121752377662049	0.004827142697136842
LRRC19	-0.6175646930899008	0.0011352225005571408	0.004877637961109427
IGHV3-30	0.8604930306450358	0.0011403381595338922	0.004894366167183174
SNORD14E	-1.077284009977154	0.0011820207748429383	0.005047839479192488
CTD-3118D11.2	-0.9899812932772543	0.001254952107973188	0.005296243439406246
UMOD	-0.8625402270529214	0.0013407408939580983	0.005603592333201174
FOSB	-0.7094487476258484	0.001351403290856192	0.005639069294353519
NR4A2	-0.8580037895224812	0.0014069667478315167	0.005836973269793153
SLC13A1	-0.7096980622786226	0.0014215239971176717	0.005886814611622925
RP11-521M14.1	-0.6518926379424386	0.001436251626888865	0.0059365536723084734
TMEM52B	-0.7646481289749056	0.001444506597872902	0.005961175190340748
COLEC12	1.079972261595504	0.0014476556463787166	0.0059679003412812705
RP11-545A16.1	0.6421986169088472	0.0014800822238792727	0.0060776837197750655
CTD-2004A9.1	-0.9391923234058037	0.001565586904336245	0.006361965583781415
TMEM244	-0.6875327023076907	0.001598073819943363	0.006461857507560395
SLC27A2	-0.7075754643267578	0.0016127032145567444	0.006511057518540878
RNU6-337P	0.6259167820613296	0.001755018867871179	0.006988573007158261
TMEM27	-0.6659306086701413	0.0018581267072542897	0.00732437389768522
LOC730179	0.6394665864936684	0.0018672822190025807	0.007355263944527638
DAPL1	0.6115582557152353	0.0019100904116276267	0.00748671959549966
CUBN	-0.6434869195861328	0.0019574812257653457	0.007635195712296988
OR2T6	-0.6055660703209078	0.0019701847608074763	0.007672321299737626
HRASLS2	-0.7289469388758087	0.002001145972885758	0.007768667074108652
SLC17A1	-0.6551219309809877	0.002235112468292956	0.008495997343122364
ATP6V1G3	-0.7663232336592998	0.002244642758270995	0.008528377893960333
SMIM24	-0.5909338602416767	0.0022997613819823485	0.008683981388627636
VNN1	-0.5871435546814476	0.002366454640205074	0.008891013979689704
RNU6-577P	0.6583017481783959	0.0026552119571846915	0.009758965962129395
IGF1	-0.8419184053158544	0.0027827065155781815	0.010126577132019888
SNORD59B	-1.0109809654961097	0.0028363249260061544	0.01028949720332733
RNU6-287P	-1.052496194063381	0.0031095641827435707	0.011085157441813428
RNA5SP53	0.5927419077495655	0.0033426181281833497	0.011766685800432462
RP1-90J20.8	-0.9692876899275706	0.0033941853835845423	0.011915869977560726
SNORD99	0.6343520183615601	0.003619832707174897	0.0125525255950162
NELL1	0.8726845229800713	0.003937966246406751	0.013456447287072928
SLC17A3	-0.6020310670827591	0.005579991947447829	0.0178297477937971
SNORD78	0.5910455203536138	0.008605345179925656	0.025406903026625786
KLK1	-0.6091203481025085	0.009086946318091656	0.026602867671996062
UPP2	-0.645767207224071	0.009550744818709517	0.027686650213796845
IGJ	0.7960724424238377	0.010933444936071998	0.030942153860205435
SNORD69	0.658078657708125	0.017231299217309592	0.04483674740394162
IGKV2D-28	0.9815575452319996	0.01872453648260762	0.048003601474456696
